  0                0                  0              0             0              0              0  0  0
  0                0                  0              0             0              0              0  0  0
  0.0512168601155  0.000676339555137  0.87737080483  102.84261305  268.962904223  279.847971124  0  0  0
  0.0588682470392  0.00508412685668  0.169686412376  268.913927363  287.014721268  199.963348558  0  0  0
  0.0626841501092  0.00778847154537  0.423916612116  254.539850505  316.930095412  121.614906894  0  0  0
  0.0674732768531  0.00799252089213  0.171923621646  305.989486581  148.373446487  244.92138558  0  0  0
  0.0738260727563  0.00959055047822  0.976577431058  189.739842307  154.935848913  14.0040483047  0  0  0
  0.0811631056594  0.0011721402912  0.595767572299  60.6927522144  141.948385325  115.770089606  0  0  0
  0.0885248887317  0.000556495428092  0.144997432381  88.1686155952  346.443501962  210.789657612  0  0  0
  0.0950121595651  0.00552325206658  0.0875377008473  100.201571269  48.5024292145  327.975739832  0  0  0
  0.101779407856  0.00762790601329  0.576900785979  130.900317768  312.674691325  189.37770904  0  0  0
  0.111032085608  0.00438946998375  0.589573426714  357.360325697  339.574421524  16.0694044754  0  0  0
  0.123627443493  0.00915954099609  0.303010671418  294.610054399  252.629471805  197.932459592  0  0  0
  0.137007132921  0.00100251884456  0.187271541461  150.074165262  342.188456068  126.057746506  0  0  0
  0.14995200658  0.00716600163807  0.0807232176352  317.427180151  244.08613468  58.9772868577  0  0  0
  0.161996975264  0.00177334667745  0.516329436246  50.5763426261  121.643715044  336.678599603  0  0  0
  0.177509625693  0.00542484806688  0.140591485687  128.474469376  174.848133552  78.2753242672  0  0  0
  0.195334769826  0.000898306891182  0.758762520844  156.568022653  161.957038008  75.6565554852  0  0  0
  0.212943145754  0.00963528199331  0.0054377806149  174.59613489  14.4407188462  77.7587802376  0  0  0
  0.233966997802  0.00997453039102  0.470680003566  310.390559211  111.975465946  81.4501839273  0  0  0
  0.260207658465  0.00601765326699  0.0549626065826  185.765285082  306.882042693  91.1649777295  0  0  0
  0.285350524341  0.00744699086653  0.73541123704  99.0113430299  220.195991508  42.0138825958  0  0  0
  0.319566965634  0.0097491138628  0.468771008391  294.179153333  16.6692226414  268.889380955  0  0  0
  0.35850244637  0.0024973362213  0.512712668766  334.156880311  18.7132372627  2.49597242207  0  0  0
  0.404022536604  0.00638925571577  0.539771507542  49.2432727848  151.788024929  40.9287030194  0  0  0
  0.453419194212  0.00523424738054  0.823446754563  359.950751339  73.7733833489  257.363013547  0  0  0
  0.513051543275  0.000249369883801  0.346084106346  26.0775430236  95.9345586215  226.242568407  0  0  0
  0.593167121526  0.00514725686442  0.618956219888  332.745463723  106.517331901  69.4157163858  0  0  0
  0.679720319807  0.00299017033825  0.0704897628321  353.689216167  34.8138540686  131.674736757  0  0  0
  0.77594159959  0.00901820609743  0.879245645077  162.347263263  337.759704761  73.1227387171  0  0  0
  0.911092450254  0.00349847350234  0.727442232631  190.814659653  291.684094982  91.1375005879  0  0  0
  0.0504228621385  0.00955405132173  0.460836750932  38.3997456948  330.533191179  53.2143784218  0  0  0
  0.0499705341067  0.00566570009167  0.914070341269  203.426581821  308.844990342  327.758273284  0  0  0
  0.0507135646823  0.00913115298293  0.830979430643  145.850916097  44.4306622959  356.216492355  0  0  0
  0.0489020011377  0.00514438178562  0.738524550852  326.622078255  334.754699089  154.111673401  0  0  0
  0.0508526115974  0.000749319334398  0.713992710936  171.670516703  220.996301521  189.714236507  0  0  0
  0.051573066864  0.008521109526  0.694773220793  320.709644269  25.3881656149  260.030069517  0  0  0
  0.0507234697611  0.00519425142715  0.561386288006  307.226512013  130.14694472  292.460773071  0  0  0
  0.0509982301702  0.000261461337157  0.521949180884  249.195718815  98.9013910337  122.667290065  0  0  0
  0.050891134106  0.00557882948351  0.0266330771155  217.922358806  59.528148704  7.23843805388  0  0  0
  0.0519757850677  0.00769618625716  0.513919654362  22.4932114554  205.825038892  219.430772367  0  0  0
  0.0549414254041  0.00953122563497  0.437908632688  290.817821822  237.69507495  212.220353723  0  0  0
  0.0546094844413  0.00498494133176  0.673486325001  164.004491428  194.102168863  230.665484767  0  0  0
  0.0568729523004  0.00520499236286  0.542379018455  105.961034684  14.670133137  32.8031330013  0  0  0
  0.0558146440193  0.00401946398153  0.503882845854  258.331647126  167.508672748  72.8733675929  0  0  0
  0.054912684069  0.00260073714052  0.942779587267  59.2586666976  176.333955836  8.99317651717  0  0  0
  0.0530652316222  0.00804816031123  0.0280554909207  69.1721626834  124.892084386  81.5374001013  0  0  0
  0.0553983449514  0.00943949483386  0.546629354277  2.98131486416  296.682691608  171.00220072  0  0  0
  0.0542011450565  0.00852377457065  0.0547695972195  301.702907723  220.965818257  178.515612135  0  0  0
  0.0532106489743  0.0065212467798  0.70441355558  66.4192410321  35.4489062468  350.378548196  0  0  0
  0.055584413936  0.00252079075586  0.187977911956  203.586831713  213.190164309  98.812273073  0  0  0
  0.0566553594169  0.00301818033556  0.97994902338  223.612490301  329.679759466  290.251819373  0  0  0
  0.0570514758059  0.00445633825245  0.361145370694  249.952867576  328.602667735  122.334442461  0  0  0
  0.0582914542403  0.000110911401252  0.844082961709  65.3318985894  289.707705722  189.748940622  0  0  0
  0.0579752830361  0.00193219775584  0.0851219273949  273.844758532  65.6081576929  57.6959465537  0  0  0
  0.0575500224111  0.00525055188158  0.125436442322  110.220064113  355.990850307  238.527752409  0  0  0
  0.0588435859931  0.00988977921133  0.631153735062  279.488236632  127.929299609  357.814308209  0  0  0
  0.0573718847113  0.00412851685685  0.374663902672  233.360745493  0.884994506296  39.6007180249  0  0  0
  0.0589940506402  0.00380226087481  0.529757741293  159.903724485  344.990430525  247.512520718  0  0  0
  0.0569456468556  0.00760033383283  0.126516806526  313.71671087  6.9202586616  128.392449375  0  0  0
  0.0578078856628  0.00226170038596  0.0383292470043  235.368390485  327.674464274  169.502553064  0  0  0
  0.060239256741  0.00413101084139  0.759482614518  319.425415842  111.409627281  6.9067194801  0  0  0
  0.0646497511386  0.00978597488721  0.542224970353  166.236454762  55.248796988  329.300465927  0  0  0
  0.0647535726421  0.000445334096096  0.104760229267  114.306186794  260.359492105  206.632502982  0  0  0
  0.0643207965814  0.00674678391972  0.189527417169  10.1041711281  282.373621416  110.833457618  0  0  0
  0.0642837396272  0.000326903039775  0.738052242804  105.922225828  283.305483565  29.3071763763  0  0  0
  0.0611082247047  0.00440962198487  0.737941161276  88.9957280057  81.4331149201  312.672619533  0  0  0
  0.063579935456  0.00338897315775  0.770825213056  93.4804256324  60.762076192  24.6630103486  0  0  0
  0.0637588582129  0.0033344605766  0.266845266545  307.488630344  78.6254802578  32.3406059369  0  0  0
  0.0650615960318  0.0087537140792  0.3477150403  11.7753309819  8.1779647304  212.525396746  0  0  0
  0.0629754016744  0.00563845423146  0.514062811921  29.4214367478  281.263141817  239.789764366  0  0  0
  0.0681410407937  0.00105919378574  0.780941609718  63.3006889192  347.15564651  281.495040559  0  0  0
  0.0693956034446  0.00350156193458  0.500212679489  133.730103908  319.755889636  236.421951336  0  0  0
  0.0701870398915  0.00273122409556  0.564110521246  259.158415  79.0369263273  111.712479891  0  0  0
  0.06693945862  0.00934855421311  0.21955110281  301.913660291  292.958987197  337.648523475  0  0  0
  0.0691421839294  0.00949836704317  0.227806799857  216.077859156  219.064479199  289.119349479  0  0  0
  0.0644006107137  0.00971744775141  0.21645865755  343.99158654  301.445670772  36.8576726099  0  0  0
  0.0683361949899  0.00767358705849  0.833025212094  164.801684345  138.77449537  185.144307871  0  0  0
  0.0706671479846  0.00771285820637  0.0326947791037  149.805937688  147.564921736  149.728000091  0  0  0
  0.0692293599412  0.00771259375174  0.378298633604  343.095509821  17.1684027108  46.1159659345  0  0  0
  0.0653096251463  0.00977749214987  0.707055538719  79.0766835177  314.855888536  263.844568023  0  0  0
  0.0703033826593  0.00527043579151  0.974960765207  153.849893024  204.520694011  38.9429387662  0  0  0
  0.0775024893789  0.000895303928177  0.579898114161  304.25125021  85.8206997413  9.36320800813  0  0  0
  0.0698719695029  0.00362953534859  0.274574999634  125.117782688  206.962780531  184.031923032  0  0  0
  0.0704620332835  0.00992251768162  0.382277596695  231.940794993  330.647384106  227.21130692  0  0  0
  0.0777351578644  0.00432860721861  0.40275603001  132.433762989  93.4145502245  356.676570932  0  0  0
  0.0753060357599  0.00902952695449  0.00775049813077  314.66351813  291.942627288  47.8236691678  0  0  0
  0.072139686979  0.00950136422703  0.704609263314  19.8757178732  305.038792855  234.863808083  0  0  0
  0.0772727496901  0.00543005821635  0.699610342458  204.127561389  141.387200506  273.995400071  0  0  0
  0.0726067546279  0.00352951010575  0.243644835506  66.0395253985  54.7779239641  340.593020714  0  0  0
  0.0724767664743  0.00729389276932  0.364145700679  82.9001744697  132.960161138  131.213893757  0  0  0
  0.0792727544354  0.00590667954791  0.447385922205  185.156888367  227.29597578  99.9977145319  0  0  0
  0.0836812022574  0.00129082116844  0.106120247147  264.525302163  158.138388211  122.335739246  0  0  0
  0.0787483961661  0.00624157838911  0.405943739864  193.308740924  51.3184221371  21.1821322725  0  0  0
  0.0793487752734  0.00289873334581  0.19060019485  76.0022963663  204.946870196  173.879337831  0  0  0
  0.0834325613803  0.000843876638552  0.791687591257  139.812965252  169.605219746  168.907977663  0  0  0
  0.080121908729  0.00832397429181  0.512047498933  338.718487134  243.715103909  355.088037871  0  0  0
  0.0854824725577  0.00803294395339  0.94310399637  154.208012793  172.207377233  38.3701730687  0  0  0
  0.0764054412413  0.00539259341121  0.158805750315  301.399621196  106.091624835  298.368661783  0  0  0
  0.0763939877364  0.00678463240941  0.356232474216  230.656938294  319.611764424  262.934980288  0  0  0
  0.0824419739993  0.00451126328523  0.559947045396  126.349902102  321.454579515  214.946183999  0  0  0
  0.0877022048999  0.00328130886869  0.368443280716  148.37585794  21.3943693854  117.469446691  0  0  0
  0.0910054115835  0.00147606405244  0.319550268567  0.64870725879  219.640398381  147.132054884  0  0  0
  0.0860439551514  0.00559902298788  0.0013705740436  298.620551939  302.241450531  210.636414712  0  0  0
  0.0926930126963  0.00667985801463  0.0665320136164  8.93508264855  251.18690312  165.503856313  0  0  0
  0.0851804729317  0.00930950446882  0.754736020952  151.751372029  36.8471989167  101.790590506  0  0  0
  0.0908827614075  0.00533320854851  0.25086332623  231.156699834  336.415125383  319.938825568  0  0  0
  0.0852030925781  0.00344107647365  0.155022548807  189.40157533  353.011456421  41.5318061755  0  0  0
  0.0865268397192  0.00147335134285  0.422067936781  180.665954509  101.871384318  225.279447369  0  0  0
  0.0896994462377  0.00325360490351  0.889639228886  100.500856152  279.253641138  38.4931842291  0  0  0
  0.0865588976798  0.000750900620695  0.716029026464  227.339467321  34.4471293206  227.714689042  0  0  0
  0.0926464759457  0.00992862384349  0.729595940338  187.552696329  102.345391379  76.1395374829  0  0  0
  0.0940472646045  0.00313668672303  0.0859089309938  87.0692528059  291.898441553  88.6382259967  0  0  0
  0.0931090976406  0.00810756174901  0.931634129411  201.770667876  252.501024019  16.9443487218  0  0  0
  0.0968403484479  0.000634204436739  0.212364428288  105.998571138  156.347934219  61.7907892075  0  0  0
  0.0915110289879  0.00623540875701  0.258164678294  176.545006005  62.6589631133  53.1571434972  0  0  0
  0.0908576899984  0.00868364483988  0.28313479345  39.8707047134  21.1979846631  87.7310890252  0  0  0
  0.0934490452823  0.00505187518011  0.552806818405  11.3089868138  11.5388863437  160.443003215  0  0  0
  0.0961358736008  0.00749105912538  0.0876226009396  268.136542222  80.0276619435  238.418471869  0  0  0
  0.0946132931917  0.00687985627369  0.680125069608  13.5630350983  101.539710642  281.107998433  0  0  0
  0.0959063311075  0.00500401857512  0.884265693504  275.203355702  293.282462173  65.554021264  0  0  0
  0.0985008288468  0.00334907789771  0.75773419102  170.879348207  255.944767842  41.2034516197  0  0  0
  0.106903881436  0.000362460317902  0.125329144475  306.848342951  51.7296148311  252.026414238  0  0  0
  0.097312716575  0.00233811100654  0.88841019248  173.158574803  322.464362023  159.992143403  0  0  0
  0.102463770832  0.00595374818731  0.208565487833  333.611315564  45.6051573984  214.057938289  0  0  0
  0.102025783207  0.00351961949965  0.677970466979  152.817139296  74.4020797726  247.040599956  0  0  0
  0.100802109729  0.00553236519334  0.279617702737  332.896614039  276.415559294  210.572020808  0  0  0
  0.0997631640997  0.00517118748946  0.0884246617267  203.851945166  257.652423185  188.720998204  0  0  0
  0.106881004296  0.0084503267379  0.782202667839  68.7167597331  232.911815866  96.4921424727  0  0  0
  0.105584880752  0.00299937767592  0.10140996193  17.6124666404  256.772277739  174.772569179  0  0  0
  0.101994296774  0.00151138969798  0.7637054657  204.116317925  333.420271422  284.343122974  0  0  0
  0.115572645442  0.00227990173858  0.724405881061  265.911646614  134.157079483  265.489509288  0  0  0
  0.112139735996  0.00713270851768  0.351756824783  60.5267538956  17.546092379  30.0758529932  0  0  0
  0.10849084074  0.00901537168303  0.889437696166  265.864398637  40.3198289327  214.980414282  0  0  0
  0.117914818773  0.00361592852462  0.572775593148  166.630680386  9.37044530643  117.621627521  0  0  0
  0.118030535888  0.00519951749596  0.453992834041  178.204612218  283.367544087  108.237769506  0  0  0
  0.115757113866  0.00742993891754  0.939668260471  309.603594961  176.889615197  311.299210155  0  0  0
  0.103024987635  0.00257961550416  0.0821875936278  112.479197996  245.26458798  276.431199688  0  0  0
  0.115168431942  0.00642739753826  0.754888285682  157.967893114  315.676179848  42.8255887634  0  0  0
  0.109058092919  0.000915039531124  0.450042322545  152.246560131  162.897314038  235.58373824  0  0  0
  0.106257213005  0.0079682045817  0.714631523147  233.827900296  66.5303730886  199.879262854  0  0  0
  0.125674975427  0.00412433077191  0.244801699209  258.444070528  328.765920203  215.540796564  0  0  0
  0.120052176111  0.0078200817845  0.139849785181  63.0834636619  183.122486062  340.441774509  0  0  0
  0.114942100582  0.00588731688094  0.676369722451  272.528769149  200.485600122  86.7826516302  0  0  0
  0.125710828311  0.006658502579  0.0368898646253  193.153226095  10.5610667094  82.7359894325  0  0  0
  0.118962692523  0.00237077178074  0.625592617416  127.648941364  161.484946414  28.9456132588  0  0  0
  0.127602031071  0.00707779956569  0.708244642788  11.9456308707  22.1904710934  162.609180888  0  0  0
  0.118057133454  0.000366153042811  0.195545712972  155.301051875  176.532244321  196.219821454  0  0  0
  0.117526743721  0.0094474822244  0.515561600198  81.8630511464  183.750821391  210.571625242  0  0  0
  0.122910689674  0.0050572564642  0.561591527477  56.4643906898  274.397635678  264.462758877  0  0  0
  0.118402363826  0.00610145458123  0.793933548215  244.422175181  91.578142782  229.552244258  0  0  0
  0.141935065138  0.000182081187251  0.190283478975  315.577877288  210.385238355  219.14141686  0  0  0
  0.137533638627  0.00747680923383  0.438141035233  34.5031128657  51.0044508076  275.53412812  0  0  0
  0.136718173378  0.00154474301199  0.598856244718  135.507634336  56.4216863184  52.4507239327  0  0  0
  0.140311973171  0.00881713811766  0.803005245084  246.707744025  85.3085790724  48.75814669  0  0  0
  0.143782631535  0.00621119418789  0.221010346581  291.096105477  296.83376093  201.155128474  0  0  0
  0.129919125186  0.00485296367661  0.158811864086  128.610714757  232.36212641  173.986293462  0  0  0
  0.136630538853  0.00433117783008  0.673770960519  255.197975045  290.356998759  275.973032111  0  0  0
  0.134216007643  0.00823152936241  0.250829493326  239.182742861  247.575611462  49.5149005714  0  0  0
  0.128692422005  0.0069382193042  0.283650908492  264.015065752  134.830868294  42.3063343117  0  0  0
  0.13437288654  0.00922727558529  0.5259602172  315.142110886  75.7272734663  352.260352359  0  0  0
  0.155398541603  0.00410902660071  0.863052112619  291.58202054  316.607803088  316.272042349  0  0  0
  0.14284264291  0.00353012312749  0.534255962991  235.833160955  34.8798726871  157.807460429  0  0  0
  0.14584387647  0.00197531149899  0.133072108837  323.255349212  140.637163622  249.766554971  0  0  0
  0.156784392678  0.00367597555307  0.851809359831  189.300370633  117.66212322  337.916211823  0  0  0
  0.148014449561  0.00607666408758  0.420043416712  113.689072322  297.309798396  228.711849967  0  0  0
  0.147155724943  0.00479686425604  0.390957501546  176.04871081  211.921829902  62.3927128128  0  0  0
  0.142699130152  0.00881458732165  0.763109966559  239.16039139  346.583782769  74.6291363147  0  0  0
  0.144644275984  0.000957230324752  0.330939152745  287.918481268  72.0951320832  193.269175727  0  0  0
  0.152445864107  0.00286629770228  0.301411587715  345.314548743  260.750808761  150.190762779  0  0  0
  0.153318495436  0.00893922609541  0.734611501249  351.479709327  96.3840392986  190.019948893  0  0  0
  0.168621774545  0.00560799380995  0.18845792184  191.451735646  139.105750449  320.795605638  0  0  0
  0.15478417865  0.00226196636682  0.390065699046  354.782398875  128.146941783  171.360820735  0  0  0
  0.168754048978  0.00344810073594  0.21608124071  24.3179631443  147.774705304  99.9172192702  0  0  0
  0.166079947008  0.00109092262181  0.688412205695  141.607050628  228.348749087  63.2893512965  0  0  0
  0.158888551896  0.00735832551575  0.4677601865  55.0235166125  273.321663687  103.848403635  0  0  0
  0.153698438089  0.00827328223154  0.283185453576  268.961357489  228.262791938  241.396217439  0  0  0
  0.161091791213  0.0024778713626  0.422260820565  247.085771143  288.9738667  13.9483176948  0  0  0
  0.170876933334  0.00933174789733  0.0735736167229  15.6643279119  280.283028191  327.929229969  0  0  0
  0.16726619175  0.00770231169076  0.274666356732  271.766850486  335.023238968  26.8404093789  0  0  0
  0.16850254627  0.00543002339748  0.711926902438  85.9647074335  201.336304535  60.9069117539  0  0  0
  0.173479659187  0.0042709143419  0.959962768414  177.513527267  161.859654973  89.7700014829  0  0  0
  0.179495850138  0.000483019812014  0.350427279174  66.3050849202  306.89571565  327.248562221  0  0  0
  0.185471888788  0.00798954256557  0.28265008467  49.6280322089  53.6333670689  137.903744822  0  0  0
  0.184793194172  0.008451545952  0.458473392903  287.615517966  129.155344862  164.537484107  0  0  0
  0.165679233341  0.00757026324224  0.105551811532  181.108250982  326.525481188  209.55063024  0  0  0
  0.188532813264  0.000665464146128  0.13574737237  92.8058002905  86.4613384062  137.186528513  0  0  0
  0.166606117181  0.00706369031452  0.95478423879  107.47194901  43.154592422  296.363051327  0  0  0
  0.170317534277  0.00755925584224  0.296218793208  6.52686921836  186.886474256  46.0431669978  0  0  0
  0.184324083174  0.00747827321504  0.633481911092  185.332084674  254.977219695  117.667512897  0  0  0
  0.188014546483  0.00956250911756  0.486605390923  246.140980331  271.965042303  348.88282699  0  0  0
  0.201381968018  0.000455748168401  0.584826359153  105.806146488  134.992743415  46.504215189  0  0  0
  0.191232419002  0.0020848863538  0.204759096204  93.4355418523  199.481510906  93.3458114133  0  0  0
  0.201171736688  0.000220235923345  0.277724922783  57.9089723039  262.692360794  295.074084664  0  0  0
  0.196618857958  0.00085032133525  0.456795867824  36.2444698036  161.724028823  302.4556094  0  0  0
  0.202203947961  0.00679147717452  0.453150269966  89.0918702583  215.926641169  208.511454381  0  0  0
  0.204404407269  0.00891922135603  0.733990610891  239.729120961  159.439441036  354.278119023  0  0  0
  0.203581329576  0.0073307673083  0.587302099655  178.564128905  335.710982916  124.791558574  0  0  0
  0.195184603393  0.00135921005049  0.688217247273  280.26335882  321.437992306  247.874524747  0  0  0
  0.183649249081  0.000228620911758  0.11518073889  314.728555858  310.976491183  178.884648813  0  0  0
  0.215899173852  0.00877498919623  0.22569226878  358.944649632  278.376392154  60.1040694357  0  0  0
  0.202844979702  0.0049498917239  0.483530645314  103.768781932  226.255147012  323.964638211  0  0  0
  0.218791280348  0.0049516787401  0.753011606831  79.5658715566  315.342789548  20.4459565846  0  0  0
  0.213470579612  0.00297543965487  0.956886905488  125.453580211  321.300678994  183.482703614  0  0  0
  0.207574178214  0.00869111232201  0.998366541647  236.169245152  2.32716755499  86.4178976735  0  0  0
  0.203109954578  0.00540408349451  0.962065653987  157.502093932  150.636955089  71.0735731574  0  0  0
  0.215132669859  0.00731314755162  0.728138716846  25.3161488169  36.7670495589  63.3337430931  0  0  0
  0.220170748805  0.00558618969694  0.920097583755  316.866275511  96.001339554  291.550514422  0  0  0
  0.203401069411  0.00829401576753  0.268196191008  236.725946914  20.6473017087  125.442336696  0  0  0
  0.213151467461  0.0093491320939  0.132578391857  5.08627156808  331.772269744  104.30027476  0  0  0
  0.221907007557  0.00885496568652  0.204270843156  347.651462028  177.655667475  39.8715562615  0  0  0
  0.21773107332  0.00315547101789  0.851014047817  123.420827119  32.6130510624  78.0455526165  0  0  0
  0.233284246977  0.00704890152837  0.558116371238  332.92736419  77.2691120726  95.2710982541  0  0  0
  0.224546311999  0.00286961952438  0.266675684222  267.64169888  254.891314344  243.566907971  0  0  0
  0.229659548024  0.00249721337762  0.544662000023  51.9911459348  204.378648399  217.526265082  0  0  0
  0.244452763926  0.00568280494721  0.510801956224  142.836945702  76.5028396378  274.267326453  0  0  0
  0.226489560384  0.00935616467658  0.130690216253  82.3937609535  204.380589612  169.374754031  0  0  0
  0.24244753707  0.00745965978611  0.793797518817  107.584235814  325.992941327  37.0833160229  0  0  0
  0.222306713678  0.00526865925947  0.442952316592  336.249650199  25.2881283175  129.527303353  0  0  0
  0.233998687323  0.00582510190926  0.107469706767  117.070434824  244.371145226  202.211868711  0  0  0
  0.26567448924  0.00908206461727  0.643798503471  343.244421968  27.3646696294  98.7464086899  0  0  0
  0.259487940431  0.00450805307891  0.148320878873  108.422237911  25.3916532117  316.456403671  0  0  0
  0.246694178946  0.000207756357932  0.873094001106  239.826657971  71.8381622074  41.8081588242  0  0  0
  0.249560341141  0.00378894941756  0.344025965155  126.021882936  112.439026965  230.545682636  0  0  0
  0.272868890003  0.00665899386426  0.612986973237  346.852029805  286.256647393  56.9505661698  0  0  0
  0.264901752254  0.00748153852335  0.34681401925  40.2839167365  19.7246391352  108.18505742  0  0  0
  0.269697436544  0.00238358422376  0.879392807527  224.348276703  168.399983681  136.058377003  0  0  0
  0.249150858308  0.00654075926491  0.203265865941  308.450644213  353.052512583  328.027452309  0  0  0
  0.248399899886  0.00287547170417  0.396898573382  140.664230068  189.441969991  44.7395484346  0  0  0
  0.253604668155  0.00377916366807  0.973840270514  122.899636039  356.869086471  15.6748426515  0  0  0
  0.293466176433  0.00165243539947  0.166509047984  94.0216617675  113.868778182  258.940495913  0  0  0
  0.267208899769  0.00249381435638  0.799464775258  325.921620706  11.3237601084  258.277898818  0  0  0
  0.288713908992  0.00919875931436  0.958175027335  264.171667436  224.627021141  102.573511301  0  0  0
  0.263676708687  0.00596555054807  0.319640155926  97.7985890629  127.940812462  254.17404093  0  0  0
  0.294680382415  0.00764042946078  0.455498715184  116.816083174  347.31364891  38.349111842  0  0  0
  0.296042186284  0.000571314452128  0.292953077995  346.748973436  47.4817029027  348.368413622  0  0  0
  0.277196453925  0.00946227146745  0.94505691457  119.762030311  104.480688962  259.639563489  0  0  0
  0.290357190927  0.00737775788104  0.0980998463477  249.223725921  31.1821737498  74.0467828002  0  0  0
  0.268646965215  0.00921649978159  0.100731765723  3.29556601903  75.5048186935  225.834714228  0  0  0
  0.292504913797  0.00258519794429  0.626544896939  132.923994698  91.908004332  301.462696184  0  0  0
  0.337577948742  0.00910599248769  0.888522415494  191.259533474  112.442924502  54.3348174108  0  0  0
  0.337280703466  0.0075855048696  0.292886596673  222.87113008  327.988837354  29.0449701295  0  0  0
  0.342794143998  0.00543133629458  0.0535511281563  60.8036653121  266.270679478  104.244916656  0  0  0
  0.300939521465  0.00964593770158  0.29913251596  152.69608084  327.82939556  73.2830153613  0  0  0
  0.334948415817  0.00825009145631  0.382023347627  40.1919774273  225.250698266  270.278320837  0  0  0
  0.310360864271  0.000698435143533  0.510709064629  254.091297846  68.135174558  42.5605564998  0  0  0
  0.335152053471  0.00172032816579  0.351147304357  214.847060341  207.628221077  9.57258111728  0  0  0
  0.339863780111  0.00738290008263  0.907018410944  114.276403117  148.701091939  306.231702793  0  0  0
  0.309673383257  0.0020217215889  0.819568372964  83.177980852  338.533346255  225.858982493  0  0  0
  0.322762412036  0.00509006322031  0.275088228794  304.460462903  262.930924111  106.180910546  0  0  0
  0.348915362015  0.00382741354245  0.164329684018  190.105573276  168.413530035  22.1351445946  0  0  0
  0.345947902598  0.00773092493829  0.569278463175  332.553795012  314.694285726  197.394607089  0  0  0
  0.333850866889  0.007981821569  0.54242242175  66.8650852205  162.408175385  249.173593485  0  0  0
  0.357432283427  0.0074119380482  0.656750763084  108.962502622  242.45001357  54.5283135781  0  0  0
  0.341930377198  0.00217749233576  0.155170511888  292.88403981  320.281207408  158.060456295  0  0  0
  0.35005080411  0.00955118353387  0.947586901933  17.4639130038  13.7544414591  189.082383921  0  0  0
  0.387879203262  0.00361897693148  0.567921978865  341.230513932  9.62768066704  339.388988463  0  0  0
  0.337397878241  0.00389317918605  0.185635281117  11.6233535373  70.2870698172  72.3173363306  0  0  0
  0.365727675784  0.00934423042996  0.896297517376  335.691276868  68.1146096985  311.311997499  0  0  0
  0.378108958946  0.00550469373337  0.0264036167335  277.200605269  267.518673249  214.744720704  0  0  0
  0.394305392482  0.00327104941834  0.74930959412  21.4932515241  137.819326683  308.691686494  0  0  0
  0.407496970569  0.00193927197117  0.261088050008  28.2778893656  51.8588994106  322.094080903  0  0  0
  0.391562921283  0.00659649641419  0.81738033121  38.7726897065  33.2808344087  51.3468973454  0  0  0
  0.399640610659  0.00338411462296  0.165663431891  66.1095908523  189.217156339  151.030976235  0  0  0
  0.425956300903  0.00811323591182  0.759728993541  17.6494146671  172.789943514  86.0163048568  0  0  0
  0.431475602761  0.00785616578279  0.283099230276  121.260580834  359.647635374  198.103704132  0  0  0
  0.409370764495  0.000103793058221  0.174834068624  4.55674112313  54.7740041314  113.022166705  0  0  0
  0.402397541786  0.00955673673225  0.786921634793  89.0800086764  204.837541105  273.794237556  0  0  0
  0.41784717465  0.00588792338306  0.0438364962939  0.251010397275  261.648953551  231.785936787  0  0  0
  0.382997899539  0.00228951933376  0.935303554184  84.494606798  57.5991592252  140.079534389  0  0  0
  0.449270327773  0.00369203677284  0.0885766528734  331.483920003  328.594313362  24.6500538671  0  0  0
  0.439389639203  0.0090957702172  0.710039415261  197.456322083  299.602411237  40.8390527436  0  0  0
  0.487023366895  0.00432787147575  0.355843937596  160.285798957  45.7386149794  4.81106889148  0  0  0
  0.472353913748  0.00521700043283  0.961672903925  92.800509167  200.591768744  64.7779747558  0  0  0
  0.435361342148  0.00972606279104  0.623511148727  338.81113697  132.39999493  143.891547277  0  0  0
  0.479239263005  0.00598939072739  0.396759566244  182.100229304  59.5447608095  242.040960394  0  0  0
  0.438999950598  0.00772809583077  0.444448003178  249.50124438  111.959756783  159.095198776  0  0  0
  0.432063037739  0.00454658165881  0.456392518992  197.800537732  180.270873869  269.443003683  0  0  0
  0.441238935185  0.000610514848033  0.185067644259  107.485819907  32.9921144958  235.473196439  0  0  0
  0.4369191505  0.00538944746252  0.974724421027  325.878309161  224.976497849  336.221315025  0  0  0
  0.488455518498  0.00437245098317  0.487109871676  126.561824281  257.981801614  66.1956543416  0  0  0
  0.468042945178  0.00929759036078  0.704572752808  44.6952519986  72.141978137  115.143680159  0  0  0
  0.506516021694  0.00884508234607  0.844975214053  252.513356402  324.09360423  320.552735196  0  0  0
  0.465822331747  0.00771278190743  0.00260715331264  50.1187831927  274.57614329  335.623161466  0  0  0
  0.515291456211  0.00321301994978  0.869091382589  315.844137878  46.3451852732  29.6891422591  0  0  0
  0.545884180193  0.00355570946324  0.935805155511  343.049168062  65.4213888614  43.3214889046  0  0  0
  0.46978165016  0.00931289010174  0.793226033235  92.1548597934  343.219443493  309.078013831  0  0  0
  0.507480569208  0.00145306386793  0.796570301421  15.227507017  301.831237341  184.906634123  0  0  0
  0.500314072238  0.00713534843172  0.826417035615  179.948909366  208.015045456  287.372435357  0  0  0
  0.51966004253  0.00941053051022  0.46525440884  50.647511928  199.857538409  84.2405961665  0  0  0
  0.626436523645  0.00365662807172  0.298849261071  356.349031306  21.6034206211  338.369357348  0  0  0
  0.597250752804  0.00378620405459  0.103063774621  326.929441447  348.082109683  183.788698661  0  0  0
  0.623776745591  0.00725676629959  0.0824318307295  157.460570243  130.412706053  47.3261660911  0  0  0
  0.533569138359  0.00182399820838  0.716063158426  193.288307084  324.742570311  161.279963323  0  0  0
  0.59043122721  0.00509844255243  0.222933470148  83.1953922279  189.820417686  314.385323224  0  0  0
  0.641746693876  0.00966624838312  0.512662592087  236.312858473  152.748038669  32.1056569914  0  0  0
  0.573600438704  0.000113536562858  0.271733178959  214.640860142  217.615679414  266.159438541  0  0  0
  0.559133180497  0.00900518301792  0.340900132154  355.486924525  133.56391047  71.3871899524  0  0  0
  0.578353979959  0.00980707076663  0.595471870475  297.126592722  263.560836492  193.034440854  0  0  0
  0.568209599205  0.00688042350629  0.0610837321419  239.720962185  82.9122141473  268.086465564  0  0  0
  0.715655705667  0.000212583643594  0.873498389406  84.4798193054  145.154447648  234.666505307  0  0  0
  0.650220488763  0.00123300365141  0.42268241771  330.952717769  358.079686384  258.382539355  0  0  0
  0.654061199973  0.0068959273683  0.363990859092  254.749244108  247.288718117  240.857119938  0  0  0
  0.702881178004  0.00152281281898  0.368023514995  314.206060788  55.8661027591  111.963733783  0  0  0
  0.687678062733  0.00948740151768  0.0452831894727  137.247643893  345.074247707  229.47274532  0  0  0
  0.664096324508  0.00031203363619  0.768792023441  106.115708612  223.785890529  117.465280095  0  0  0
  0.677870869588  0.00768334410824  0.689563149368  252.222984964  86.3420702815  358.985706938  0  0  0
  0.686733262927  0.00882614073747  0.877552815995  200.083972558  139.665000857  21.0535858638  0  0  0
  0.701975324106  0.00465750989007  0.606046734579  338.706830503  100.48587915  341.942535122  0  0  0
  0.708721187141  0.00961156518966  0.892958679644  293.310984107  196.068930502  91.9288445417  0  0  0
  0.752562097916  0.00787985349618  0.515685610523  214.060874046  111.056305235  93.3404218892  0  0  0
  0.8334685697  0.000240749335032  0.840637674924  281.448202973  310.955340163  35.797394481  0  0  0
  0.737206255014  0.00855469727555  0.86886172185  112.450246831  271.802653369  324.352329772  0  0  0
  0.822957680509  0.00289888442825  0.663114055919  148.809084929  67.039809551  54.3112887925  0  0  0
  0.709266316822  0.00312114292818  0.670182061805  84.301750165  209.670738503  235.014730578  0  0  0
  0.766112385122  0.00398360368905  0.296902510713  265.192302694  118.132363596  211.898083817  0  0  0
  0.73225821137  0.00337314307434  0.824237256256  151.408216721  98.0417538427  87.2791642449  0  0  0
  0.697430671052  0.00630504312317  0.117412188896  128.221042603  243.723135547  178.848339422  0  0  0
  0.734459720538  0.00215602037685  0.359518094395  67.7494879063  155.937127937  344.434002075  0  0  0
  0.789050619827  0.00262206958926  0.939250579007  170.986045255  297.760070425  75.8930668772  0  0  0
  0.914260448987  0.00571532638408  0.148776264187  223.160332495  137.840112188  46.4860984625  0  0  0
  0.843946705235  0.000578578851481  0.568198686111  180.758222697  45.8388208034  274.603362047  0  0  0
  0.922693810384  0.00495789207639  0.596238890395  38.2672136146  35.9903469715  151.285858241  0  0  0
  0.882512900509  0.00171031737185  0.232488821958  331.790720554  313.29140873  75.6776890739  0  0  0
  0.98623517181  0.00202993984424  0.109555136122  158.827030277  192.77521471  349.721913146  0  0  0
  0.980139916474  0.000192969629956  0.368998365707  260.774554239  49.15837463  101.163889247  0  0  0
  0.948084820349  0.00045946216061  0.60655858591  114.308220029  29.0906917976  11.6086990465  0  0  0
  0.828563411904  0.00395342363363  0.479695996407  312.353076743  42.6383038363  210.603815215  0  0  0
  0.905723132748  0.00382279535532  0.427718568708  351.997671074  77.0172375485  197.486410488  0  0  0
  0.823369907317  0.00492202109652  0.909357576727  286.253518074  351.16990715  71.8019721726  0  0  0
