)-------------------------------------------------------
  0.0512168601155  0.000676339555137  0.87737080483  102.84261305  268.962904223  279.847971124  0  0  0
  0.0588682470392  0.00508412685668  0.169686412376  268.913927363  287.014721268  199.963348558  0  0  0
  0.0626841501092  0.00778847154537  0.423916612116  254.539850505  316.930095412  121.614906894  0  0  0
  0.0674732768531  0.00799252089213  0.171923621646  305.989486581  148.373446487  244.92138558  0  0  0
  0.0738260727563  0.00959055047822  0.976577431058  189.739842307  154.935848913  14.0040483047  0  0  0
  0.0811631056594  0.0011721402912  0.595767572299  60.6927522144  141.948385325  115.770089606  0  0  0
  0.0885248887317  0.000556495428092  0.144997432381  88.1686155952  346.443501962  210.789657612  0  0  0
  0.0950121595651  0.00552325206658  0.0875377008473  100.201571269  48.5024292145  327.975739832  0  0  0
  0.101779407856  0.00762790601329  0.576900785979  130.900317768  312.674691325  189.37770904  0  0  0
  0.111032085608  0.00438946998375  0.589573426714  357.360325697  339.574421524  16.0694044754  0  0  0
  0.123627443493  0.00915954099609  0.303010671418  294.610054399  252.629471805  197.932459592  0  0  0
  0.137007132921  0.00100251884456  0.187271541461  150.074165262  342.188456068  126.057746506  0  0  0
  0.14995200658  0.00716600163807  0.0807232176352  317.427180151  244.08613468  58.9772868577  0  0  0
  0.161996975264  0.00177334667745  0.516329436246  50.5763426261  121.643715044  336.678599603  0  0  0
  0.177509625693  0.00542484806688  0.140591485687  128.474469376  174.848133552  78.2753242672  0  0  0
  0.195334769826  0.000898306891182  0.758762520844  156.568022653  161.957038008  75.6565554852  0  0  0
  0.212943145754  0.00963528199331  0.0054377806149  174.59613489  14.4407188462  77.7587802376  0  0  0
  0.233966997802  0.00997453039102  0.470680003566  310.390559211  111.975465946  81.4501839273  0  0  0
  0.260207658465  0.00601765326699  0.0549626065826  185.765285082  306.882042693  91.1649777295  0  0  0
  0.285350524341  0.00744699086653  0.73541123704  99.0113430299  220.195991508  42.0138825958  0  0  0
  0.319566965634  0.0097491138628  0.468771008391  294.179153333  16.6692226414  268.889380955  0  0  0
  0.35850244637  0.0024973362213  0.512712668766  334.156880311  18.7132372627  2.49597242207  0  0  0
  0.404022536604  0.00638925571577  0.539771507542  49.2432727848  151.788024929  40.9287030194  0  0  0
  0.453419194212  0.00523424738054  0.823446754563  359.950751339  73.7733833489  257.363013547  0  0  0
  0.513051543275  0.000249369883801  0.346084106346  26.0775430236  95.9345586215  226.242568407  0  0  0
  0.593167121526  0.00514725686442  0.618956219888  332.745463723  106.517331901  69.4157163858  0  0  0
  0.679720319807  0.00299017033825  0.0704897628321  353.689216167  34.8138540686  131.674736757  0  0  0
  0.77594159959  0.00901820609743  0.879245645077  162.347263263  337.759704761  73.1227387171  0  0  0
  0.911092450254  0.00349847350234  0.727442232631  190.814659653  291.684094982  91.1375005879  0  0  0
