 05        0.0566 0.15103  11.017 8.6415E-07  1.143  53.73
 06        0.0778 0.15553   1.551 1.5591E-06  2.020  87.74
 14        0.1207 0.03413   3.200 2.0928E-06  3.857  47.95
 24        0.2047 0.02980   2.267 3.2465E-06  6.782  69.26
 20        0.2836 0.11675   2.843 1.2573E-06  6.244 105.00
 27        0.3876 0.04122   2.071 3.7529E-06  4.772 114.98
 32        0.5492 0.04283   4.313 2.3754E-06  4.977  81.61
 377       0.6247 0.04638   3.415 7.9809E-08  0.000   3.42
 331       0.7274 0.07975  10.852 5.1357E-08  0.000  10.85
 33        0.7338 0.01119   2.085 3.2284E-06  4.662  91.37
 356       0.7951 0.28198  14.505 7.4381E-08  0.000  14.50
 322       0.9022 0.36212  12.899 6.4105E-08  0.000  12.90
 325       0.9933 0.21459  28.253 6.4105E-08  0.000  28.25
 270       1.0133 0.43812  27.938 3.3496E-08  0.000  27.94
 36        1.0181 0.07613   2.811 7.4479E-07  4.524  89.94
 344       1.0349 0.15759  25.491 7.6053E-08  0.000  25.49
 370       1.1020 0.14003  15.176 7.9809E-08  0.000  15.18
 378       1.2119 0.12951  12.581 7.9809E-08  0.000  12.58
 342       1.2652 0.21345  11.060 7.6053E-08  0.000  11.06
 375       1.2816 0.58980   4.188 7.9809E-08  0.000   4.19
 368       1.3002 0.55113  17.490 5.5415E-08  0.000  17.49
 37        1.3248 0.03889   7.296 9.8873E-07  2.286  70.59
 324       1.4050 0.49550   5.759 6.4105E-08  0.000   5.76
 372       1.4180 0.33231  17.596 7.9809E-08  0.000  17.60
 352       1.4380 0.13945  23.349 7.4381E-08  0.000  23.35
 343       1.4830 0.45942  17.133 7.6053E-08  0.000  17.13
 362       1.5141 0.29275  11.009 5.5415E-08  0.000  11.01
 350       1.5948 0.19368   7.415 7.4381E-08  0.000   7.41
 360       1.6063 0.58713  16.342 5.5415E-08  0.000  16.34
 363       1.6780 0.34158   8.285 5.5415E-08  0.000   8.28
 351       1.7067 0.59184   7.657 7.4381E-08  0.000   7.66
 06        0.0617 0.10525   7.702 1.5597E-06  2.773 117.09
 09        0.1043 0.12671   0.410 2.3046E-06  6.876  13.39
 21        0.1577 0.08480   1.797 2.0395E-06  6.825  74.57
 20        0.2462 0.06043   3.165 2.9474E-06  7.304  62.96
 28        0.3786 0.02934   3.741 3.1123E-06  7.233  47.20
 30        0.5466 0.05854   0.910 4.0807E-06  6.682  89.95
 291       0.6824 0.31294   8.892 3.6019E-08  0.000   8.89
 348       0.7043 0.27693  16.954 7.1989E-08  0.000  16.95
 362       0.7147 0.15023  20.202 8.0463E-08  0.000  20.20
 365       0.7440 0.17407  12.312 8.0463E-08  0.000  12.31
 34        0.8231 0.02956   2.788 1.8414E-06  6.422  30.85
 295       0.8910 0.23476  15.999 3.6019E-08  0.000  16.00
 363       0.9148 0.19806   9.516 8.0463E-08  0.000   9.52
 349       0.9184 0.20339  10.210 7.1989E-08  0.000  10.21
 329       0.9951 0.08287   2.141 6.2624E-08  0.000   2.14
 327       1.0531 0.29575  23.126 6.2624E-08  0.000  23.13
 36        1.0544 0.05620   5.913 1.2961E-06  3.846  62.69
 343       1.0927 0.15980  20.116 7.1989E-08  0.000  20.12
 332       1.1388 0.40465  12.845 4.5366E-08  0.000  12.84
 354       1.1866 0.21463  14.141 5.0449E-08  0.000  14.14
 357       1.2404 0.33486  12.382 5.0449E-08  0.000  12.38
 294       1.2492 0.68652  11.954 3.6019E-08  0.000  11.95
 359       1.3247 0.20707   7.219 5.0449E-08  0.000   7.22
 350       1.3456 0.50340   9.778 5.0449E-08  0.000   9.78
 356       1.3983 0.38856   9.042 5.0449E-08  0.000   9.04
 337       1.4196 0.44421  16.378 4.5366E-08  0.000  16.38
 361       1.4924 0.30520   8.296 8.0463E-08  0.000   8.30
 369       1.5054 0.29730  12.188 8.0463E-08  0.000  12.19
 341       1.5142 0.23561   9.968 7.1989E-08  0.000   9.97
 317       1.5274 0.23643  12.880 4.8941E-08  0.000  12.88
 02        0.0586 0.03365   7.702 1.7699E-06  7.266 106.24
 07        0.0899 0.06344   4.038 3.0001E-06  4.516  60.60
 10        0.1312 0.04453   3.030 1.9072E-06  5.757  55.92
 16        0.1819 0.07969   4.505 3.4877E-06  4.861  27.75
 21        0.2650 0.14345   2.553 3.3658E-06  7.282  55.67
 23        0.4291 0.02849   0.981 8.4455E-06  4.041  72.53
 28        0.6305 0.04851   2.222 1.9715E-06  5.707 130.41
 27        0.7677 0.04769   4.346 3.4336E-06  4.790  72.34
 297       0.8659 0.55105  12.845 1.3970E-07  0.000  12.85
 29        1.0435 0.07758   2.768 2.1099E-06  3.016  17.94
 272       1.1890 0.33828  23.779 9.0844E-08  0.000  23.78
 289       1.4307 0.14774  17.163 1.4691E-07  0.000  17.16
 262       1.4652 0.17842  11.650 1.1442E-07  0.000  11.65
 274       1.5017 0.23715   8.803 9.0844E-08  0.000   8.80
 277       1.5132 0.31682  16.426 9.0844E-08  0.000  16.43
 216       1.7545 0.31617   3.865 6.2059E-08  0.000   3.86
 260       4.6401 0.80603   6.781 1.1442E-07  0.000   6.78
 01        0.0730 0.09488   7.079 1.6568E-05  1.679  38.02
 08        0.1416 0.15751   4.069 1.2307E-05  6.716 107.48
 11        0.2425 0.06502   4.318 2.4055E-05  5.945 142.12
 13        0.4553 0.07588   4.530 1.9666E-05  3.061 119.95
 16        0.6524 0.06997   1.806 1.7214E-05  4.900 160.85
 15        1.1923 0.02476   5.549 7.0496E-06  4.912  56.92
 1138       1.3236 0.30351   4.596 4.5967E-07  0.000   4.60
 1146       1.5750 0.25614  13.888 6.8880E-07  0.000  13.89
 1142       1.6976 0.34728  23.717 6.8880E-07  0.000  23.72
 1154       2.0524 0.61421  14.819 5.1897E-07  0.000  14.82
 1150       2.1724 0.26169   7.749 5.1897E-07  0.000   7.75
 1166       3.1136 0.86908  21.787 6.5210E-07  0.000  21.79
 1156       3.9967 0.80096  14.236 5.1897E-07  0.000  14.24
 1167       4.5275 0.77453  13.639 6.5210E-07  0.000  13.64
 1152       8.0068 0.90795  16.834 5.1897E-07  0.000  16.83
 05        0.0690 0.09719   2.982 6.5805E-06  4.375 112.85
 08        0.1354 0.13318   3.862 7.0962E-06  6.775 113.03
 13        0.2451 0.15078   2.354 1.0045E-05  6.603 146.27
 16        0.3895 0.04490   2.318 1.2055E-05  6.357  75.51
 21        0.7139 0.08838   1.942 8.4015E-06  5.553  15.14
 231       0.9541 0.11478  30.192 2.4482E-07  0.000  30.19
 177       1.1044 0.49093  26.212 1.1486E-07  0.000  26.21
 22        1.1082 0.05226   3.993 6.5784E-06  5.736  77.86
 182       1.3457 0.77667  10.281 1.2854E-07  0.000  10.28
 166       1.5243 0.33668  25.311 1.8274E-07  0.000  25.31
 167       1.8057 0.22293  14.894 1.8274E-07  0.000  14.89
 218       2.1821 0.55266   2.207 2.1151E-07  0.000   2.21
 126       2.2227 0.57616  30.197 1.0940E-07  0.000  30.20
 200       2.2622 0.51447  13.186 1.7527E-07  0.000  13.19
 237       2.3595 0.49635  21.017 2.4482E-07  0.000  21.02
 216       2.4227 0.66346  27.268 2.1151E-07  0.000  27.27
 219       2.5415 0.69520  44.109 2.1151E-07  0.000  44.11
 208       2.6417 0.65896  27.833 1.7527E-07  0.000  27.83
 03        0.0690 0.07777   0.888 7.7704E-06  0.593 122.06
 11        0.1548 0.17544  11.231 8.7021E-06  5.555 157.21
 13        0.2539 0.03748   2.975 7.6147E-06  5.942   1.73
 18        0.3795 0.07239   3.164 5.5747E-06  6.149  87.59
 19        0.5519 0.09074   5.012 9.9536E-06  3.229  56.30
 174       0.6724 0.37451  24.450 1.1528E-07  0.000  24.45
 20        0.8678 0.03129   5.899 8.7191E-06  6.354   9.66
 217       1.1576 0.35106  20.635 1.9805E-07  0.000  20.63
 229       1.2729 0.11535  11.049 2.9360E-07  0.000  11.05
 210       1.4018 0.14617  21.501 1.9805E-07  0.000  21.50
 222       1.6534 0.36314   9.438 2.9360E-07  0.000   9.44
 173       1.7846 0.40120  10.441 1.1528E-07  0.000  10.44
 215       1.8314 0.32875   3.412 1.9805E-07  0.000   3.41
 175       1.8602 0.52367  17.704 1.1528E-07  0.000  17.70
 203       2.7173 0.62533  16.412 2.4738E-07  0.000  16.41
 157       3.2698 0.88886  41.477 1.3114E-07  0.000  41.48
 218       6.3318 0.86569   8.736 1.9805E-07  0.000   8.74
 196       6.3458 0.85665   3.778 2.3804E-07  0.000   3.78
 05        0.0851 0.12084   3.534 2.5599E-05  6.157  65.84
 12        0.2268 0.05636   4.938 2.8011E-05  6.808  27.12
 10        0.4869 0.11201   4.120 2.5859E-05  5.118 123.31
 17        0.9650 0.06869   1.788 3.3329E-05  7.158 112.21
 1162       1.2547 0.33368  35.288 9.2588E-07  0.000  35.29
 1173       1.4839 0.09750  16.740 9.9461E-07  0.000  16.74
 1169       1.8447 0.29113   8.446 9.2588E-07  0.000   8.45
 1175       1.8538 0.23131   5.712 9.9461E-07  0.000   5.71
 1165       2.9740 0.58071   7.509 9.2588E-07  0.000   7.51
 1151       3.6129 0.72692   9.037 6.5770E-07  0.000   9.04
 1126      17.5548 0.94147  17.578 4.9218E-07  0.000  17.58
 04        0.0708 0.05990   8.378 1.6243E-05  6.840  70.75
 09        0.1928 0.08128   0.752 3.2936E-05  7.308  87.62
 13        0.4382 0.02324   2.507 2.5435E-05  6.640  79.46
 15        0.8863 0.01017   2.390 2.6019E-05  6.321  96.78
 169       0.9061 0.22814  13.158 9.3892E-07  0.000  13.16
 147       1.2599 0.30513  24.120 4.1288E-07  0.000  24.12
 163       1.5836 0.34475  27.504 9.3892E-07  0.000  27.50
 165       2.1672 0.58159  13.120 9.3892E-07  0.000  13.12
 143       2.4170 0.52930   3.459 4.1288E-07  0.000   3.46
 
