)0+_06 Small-body initial data (WARNING: Do not delete this line!!)
)-------------------------------------------------------
style = Asteroid
p000  d=3.0  m=9.1031681257e-08
  0.0487046753782  0.00303780845827  0.13463755608  25.2547004801  278.625486558  98.2987542727  0  0  0
p001  d=3.0  m=9.1031681257e-08
  0.048246945949  0.0033952894943  0.0130593392814  184.496324228  186.921594088  0.642583207953  0  0  0
p002  d=3.0  m=9.1031681257e-08
  0.0489519238394  0.00405577897776  0.26260117446  34.5642855553  192.829805398  39.4469682676  0  0  0
p003  d=3.0  m=9.1031681257e-08
  0.0528804053737  0.00800829740185  0.197966745105  268.926166673  205.094281652  77.9985730901  0  0  0
p004  d=3.0  m=9.1031681257e-08
  0.0525663528103  0.00737366135204  0.614626993754  218.321628357  122.185703817  208.533704843  0  0  0
p005  d=3.0  m=9.1031681257e-08
  0.0560197307986  0.00693757186955  0.498843343455  334.359434417  216.834024275  110.019831476  0  0  0
p006  d=3.0  m=9.1031681257e-08
  0.0521902121794  0.00552036451206  0.678257545753  279.870382183  161.128556297  176.746093768  0  0  0
p007  d=3.0  m=9.1031681257e-08
  0.0555634482143  0.00307165580205  0.624090064832  13.6019956804  7.41355437366  297.149270798  0  0  0
p008  d=3.0  m=9.1031681257e-08
  0.0557397796458  0.00710443651721  0.909417229178  334.913035577  338.855050826  245.47429813  0  0  0
p009  d=3.0  m=9.1031681257e-08
  0.0484448353569  0.00446099005786  0.0233330471361  324.356958201  299.667168664  256.501191976  0  0  0
p010  d=3.0  m=1.00661382061e-07
  0.0621206779747  0.00940840107001  0.0237484029575  194.736982142  230.593889294  268.724745154  0  0  0
p011  d=3.0  m=1.00661382061e-07
  0.0616221142987  0.00101819209575  0.665575948725  26.8663259716  246.962837035  51.3649154872  0  0  0
p012  d=3.0  m=1.00661382061e-07
  0.0572084602393  0.000356521488432  0.88655098804  0.422697960665  126.166250124  308.785553827  0  0  0
p013  d=3.0  m=1.00661382061e-07
  0.0586422027937  0.00692476912915  0.97453493088  257.876557747  280.66613576  69.8388149188  0  0  0
p014  d=3.0  m=1.00661382061e-07
  0.0562523273923  0.00557579743858  0.539214215964  22.3874971914  173.861348675  281.450508453  0  0  0
p015  d=3.0  m=1.00661382061e-07
  0.0577738524942  0.00929767644973  0.428653624759  66.3430191929  92.180070868  188.257807448  0  0  0
p016  d=3.0  m=1.00661382061e-07
  0.0619625793495  0.0039086255903  0.78991760059  60.6592799312  62.238756497  103.578843316  0  0  0
p017  d=3.0  m=1.00661382061e-07
  0.0565416973186  0.00387863297877  0.127088943679  132.936514031  122.824865177  60.2934327081  0  0  0
p018  d=3.0  m=1.00661382061e-07
  0.0635513372107  0.00783529588044  0.537868498978  215.606187829  122.37053506  48.9199880122  0  0  0
p019  d=3.0  m=1.00661382061e-07
  0.0610695413549  0.000619874350625  0.887799305924  281.060484795  229.803919167  48.7648207622  0  0  0
p020  d=3.0  m=1.20689859645e-07
  0.0677340785515  0.00851228901451  0.326031990177  195.40724214  15.4049134756  149.753802571  0  0  0
p021  d=3.0  m=1.20689859645e-07
  0.0686309565528  0.00398309966153  0.164813330959  217.198567835  97.4562373329  220.776962728  0  0  0
p022  d=3.0  m=1.20689859645e-07
  0.0705227399086  0.00214569856606  0.935503824914  317.64846037  62.8199407935  146.840446431  0  0  0
p023  d=3.0  m=1.20689859645e-07
  0.0728367833639  0.00937966468673  0.252290266571  141.161602598  52.1588776785  277.267647462  0  0  0
p024  d=3.0  m=1.20689859645e-07
  0.0706269463265  0.00796343960601  0.805912745093  245.715203609  245.203711355  333.489370925  0  0  0
p025  d=3.0  m=1.20689859645e-07
  0.0611026941452  0.00408280374385  0.220459412  94.6592121756  122.596103666  335.974256899  0  0  0
p026  d=3.0  m=1.20689859645e-07
  0.0611087371911  0.00879720152683  0.237694291388  14.2018662559  54.2516185753  47.3850379988  0  0  0
p027  d=3.0  m=1.20689859645e-07
  0.0708559522381  0.00752553070689  0.469617581791  256.395795376  161.627038289  306.664712157  0  0  0
p028  d=3.0  m=1.20689859645e-07
  0.0641929427919  0.00554513281431  0.579408916315  275.019456752  146.519898662  37.881515763  0  0  0
p029  d=3.0  m=1.20689859645e-07
  0.0658418633531  0.00156493622819  0.0653950007529  194.414823941  274.349719743  157.227904439  0  0  0
p030  d=3.0  m=1.27445391222e-07
  0.081813170281  0.000714190136271  0.669496074122  117.818869511  172.427108494  289.485251987  0  0  0
p031  d=3.0  m=1.27445391222e-07
  0.0716778949423  0.00378052580656  0.737430551184  109.820353717  153.550484228  338.03623189  0  0  0
p032  d=3.0  m=1.27445391222e-07
  0.0812669769084  0.00969306371133  0.440013613184  263.231065963  204.211483179  275.467541482  0  0  0
p033  d=3.0  m=1.27445391222e-07
  0.0735655783775  0.00358326334542  0.740278839854  56.0440998223  327.491296996  14.8556805195  0  0  0
p034  d=3.0  m=1.27445391222e-07
  0.0777227556339  0.00875130018576  0.059922045066  116.889283442  297.317660779  80.0441552856  0  0  0
p035  d=3.0  m=1.27445391222e-07
  0.0846741851942  0.00326779291351  0.953013709252  5.0136904546  230.0703701  102.917934618  0  0  0
p036  d=3.0  m=1.27445391222e-07
  0.0788311329443  0.00296964868247  0.42222805889  176.362641641  2.77587803878  236.760535911  0  0  0
p037  d=3.0  m=1.27445391222e-07
  0.0808360283305  0.00600407313858  0.255056744005  192.11227815  107.841685441  14.826144686  0  0  0
p038  d=3.0  m=1.27445391222e-07
  0.0794395640111  0.00791271393939  0.150060549493  293.902137338  263.07822683  22.9225048851  0  0  0
p039  d=3.0  m=1.27445391222e-07
  0.0724868211722  0.00327155039032  0.871841053999  8.74185797149  336.524739821  123.787264482  0  0  0
p040  d=3.0  m=1.23424994455e-07
  0.0825143254888  0.00685485287725  0.351565434528  42.2704402207  261.150851887  356.19639133  0  0  0
p041  d=3.0  m=1.23424994455e-07
  0.0842884516562  0.000214696657308  0.810087513894  271.427922594  221.231922765  190.065786436  0  0  0
p042  d=3.0  m=1.23424994455e-07
  0.0889962201653  0.0026843577739  0.523232306527  258.576578385  262.113789618  129.901967011  0  0  0
p043  d=3.0  m=1.23424994455e-07
  0.0953622038576  0.00335955325008  0.816973684522  67.8291150152  192.713574484  292.098148836  0  0  0
p044  d=3.0  m=1.23424994455e-07
  0.0942721315235  0.00454086060595  0.272183063073  305.287695727  152.871158809  253.182208792  0  0  0
p045  d=3.0  m=1.23424994455e-07
  0.0869812803285  0.000186052318176  0.0632499438377  218.035615064  306.314537947  55.1995089349  0  0  0
p046  d=3.0  m=1.23424994455e-07
  0.0936882517929  0.00952886304355  0.370389157508  288.436526559  204.79449617  153.741465718  0  0  0
p047  d=3.0  m=1.23424994455e-07
  0.0856461989609  0.00605840816158  0.367354787851  27.307176555  87.6510803181  115.549585706  0  0  0
p048  d=3.0  m=1.23424994455e-07
  0.0911517535825  0.00264213613168  0.422346552006  331.744739392  276.11659145  314.175276356  0  0  0
p049  d=3.0  m=1.23424994455e-07
  0.0883084190222  0.00473239528706  0.969223740344  173.680725869  305.255900792  44.7080592175  0  0  0
p050  d=3.0  m=2.01856367346e-07
  0.108096656519  0.00415211260292  0.617928276371  275.343484444  309.692150887  297.796259868  0  0  0
p051  d=3.0  m=2.01856367346e-07
  0.104537860401  0.00792974083778  0.463093748982  74.2655121488  302.035192225  243.766783083  0  0  0
p052  d=3.0  m=2.01856367346e-07
  0.11244327823  0.00601123470604  0.83618101327  167.786604562  300.927748001  270.407867573  0  0  0
p053  d=3.0  m=2.01856367346e-07
  0.0945341789093  0.00435354919195  0.598691035661  123.866612266  48.7782666346  294.016530237  0  0  0
p054  d=3.0  m=2.01856367346e-07
  0.114606447989  0.00498045578026  0.649142566022  97.2799034153  308.66917985  293.469586035  0  0  0
p055  d=3.0  m=2.01856367346e-07
  0.105411792024  0.000656096204862  0.486963418466  9.19458225267  357.610162759  10.2046888129  0  0  0
p056  d=3.0  m=2.01856367346e-07
  0.0944018635702  0.00049998654164  0.504937767611  56.4722915578  92.1745423025  329.208696419  0  0  0
p057  d=3.0  m=2.01856367346e-07
  0.106255256909  0.00941720281168  0.77910383196  234.668256206  56.0590860842  247.484536579  0  0  0
p058  d=3.0  m=2.01856367346e-07
  0.104314987607  0.00220655716029  0.908970883428  128.892560713  182.729917707  254.156885925  0  0  0
p059  d=3.0  m=2.01856367346e-07
  0.110867427496  0.000903652816184  0.99323821133  98.3602113111  353.85197947  222.896202406  0  0  0
p060  d=3.0  m=1.77880235779e-07
  0.114000168857  0.000779836921237  0.145132563212  352.736230421  357.460488596  226.224380078  0  0  0
p061  d=3.0  m=1.77880235779e-07
  0.115589202063  0.00145193215666  0.480243209277  129.452142026  288.314806705  25.3032953529  0  0  0
p062  d=3.0  m=1.77880235779e-07
  0.133487544265  0.00855485046872  0.259405550954  146.868236767  191.00209929  306.126182129  0  0  0
p063  d=3.0  m=1.77880235779e-07
  0.127570032679  0.00647602930926  0.345356817971  315.8945897  11.3836399698  167.590494487  0  0  0
p064  d=3.0  m=1.77880235779e-07
  0.119814132472  0.00399066765986  0.798925456593  187.698637852  142.665457763  322.581641847  0  0  0
p065  d=3.0  m=1.77880235779e-07
  0.117482467933  0.00704287568837  0.0629670098818  127.058490282  324.816982135  277.466353067  0  0  0
p066  d=3.0  m=1.77880235779e-07
  0.129674379456  0.000797624208951  0.71379602291  302.520925343  354.235766865  118.777808939  0  0  0
p067  d=3.0  m=1.77880235779e-07
  0.13305753643  0.0088065161422  0.610274946074  349.472182562  25.041781435  120.266389455  0  0  0
p068  d=3.0  m=1.77880235779e-07
  0.118440681731  0.00823708276704  0.879867115199  173.515061911  307.37021823  83.332642405  0  0  0
p069  d=3.0  m=1.77880235779e-07
  0.126747244933  0.00315358370304  0.577174644453  45.8545515814  66.7477576994  324.303696518  0  0  0
p070  d=3.0  m=1.74487781793e-07
  0.149533552605  0.00167175794751  0.0738387868327  251.659194686  67.7337186091  337.120135548  0  0  0
p071  d=3.0  m=1.74487781793e-07
  0.151653499875  0.00118923730094  0.860387347771  216.34895355  163.324869077  123.144178975  0  0  0
p072  d=3.0  m=1.74487781793e-07
  0.132346627088  0.00983362275825  0.579466848333  85.3258784984  197.923846122  62.2610372855  0  0  0
p073  d=3.0  m=1.74487781793e-07
  0.14698243613  0.00922707638731  0.617855085301  219.458580509  186.872459844  310.821493649  0  0  0
p074  d=3.0  m=1.74487781793e-07
  0.151888661519  0.00310028136754  0.342536732722  111.794037281  251.871198605  40.2556612265  0  0  0
p075  d=3.0  m=1.74487781793e-07
  0.136601701112  0.000563830753509  0.493713401343  282.872424806  256.982641187  342.488958456  0  0  0
p076  d=3.0  m=1.74487781793e-07
  0.140046779787  0.00932974194651  0.465026418512  173.26744554  13.169789211  235.752726779  0  0  0
p077  d=3.0  m=1.74487781793e-07
  0.154470312042  0.00657013148785  0.459027543162  102.532280438  204.728178771  181.886632473  0  0  0
p078  d=3.0  m=1.74487781793e-07
  0.130066706065  0.00699370632489  0.652048815844  299.28021273  215.4694753  8.12311519549  0  0  0
p079  d=3.0  m=1.74487781793e-07
  0.141065653329  0.00605204040938  0.00751534704745  290.251282994  160.6887929  61.8561005993  0  0  0
p080  d=3.0  m=2.70361818582e-07
  0.152730185504  0.00796595521128  0.243457721213  263.061886612  296.467629957  8.11432757896  0  0  0
p081  d=3.0  m=2.70361818582e-07
  0.185220335094  0.00323804871185  0.0703429401419  190.454900024  257.031108525  5.89948871926  0  0  0
p082  d=3.0  m=2.70361818582e-07
  0.185310951352  0.00783072425114  0.798436684062  67.8586792177  138.833974381  303.548455836  0  0  0
p083  d=3.0  m=2.70361818582e-07
  0.175657344153  0.0081386713329  0.251421311416  35.7695403562  215.904154905  295.71803377  0  0  0
p084  d=3.0  m=2.70361818582e-07
  0.181472273859  0.000460632658204  0.67194820145  113.899988313  71.4277734808  357.266089142  0  0  0
p085  d=3.0  m=2.70361818582e-07
  0.162263954277  0.0040582960127  0.621595266804  123.735459186  358.677482578  80.5136404584  0  0  0
p086  d=3.0  m=2.70361818582e-07
  0.18050558178  0.000904888772719  0.382436098121  130.913573646  134.188327929  238.134672829  0  0  0
p087  d=3.0  m=2.70361818582e-07
  0.183534829432  0.00403196922162  0.764593349155  104.473849705  108.204458864  197.002615596  0  0  0
p088  d=3.0  m=2.70361818582e-07
  0.154951687173  0.00890208975845  0.549874692011  80.0242829678  55.5207812388  155.042487588  0  0  0
p089  d=3.0  m=2.70361818582e-07
  0.189622053703  0.00571476617009  0.992957876446  52.3356518053  77.1663284586  163.270764495  0  0  0
p090  d=3.0  m=2.98261274362e-07
  0.19946988892  0.000868782150521  0.274692455213  95.1278143623  144.8805097  218.979329617  0  0  0
p091  d=3.0  m=2.98261274362e-07
  0.224858264038  0.00424835170403  0.90613061204  9.72170146305  10.6588948127  257.943068759  0  0  0
p092  d=3.0  m=2.98261274362e-07
  0.203335275544  0.00220689980599  0.0748176508287  248.823502677  43.9088767917  141.786730231  0  0  0
p093  d=3.0  m=2.98261274362e-07
  0.187659847719  0.00146881969471  0.736356566281  327.253291812  80.0211426637  12.431772871  0  0  0
p094  d=3.0  m=2.98261274362e-07
  0.185594720002  0.00887265067477  0.895640912757  261.315111257  85.5124417608  255.30276865  0  0  0
p095  d=3.0  m=2.98261274362e-07
  0.189209490437  0.0085618554833  0.197280299677  237.298507555  229.502471729  43.5451906575  0  0  0
p096  d=3.0  m=2.98261274362e-07
  0.218065401967  0.00909543737474  0.0606714194456  336.249665893  204.389794449  246.50197905  0  0  0
p097  d=3.0  m=2.98261274362e-07
  0.21568388568  0.00616348812341  0.951138409099  325.457340988  62.7912439223  147.56613799  0  0  0
p098  d=3.0  m=2.98261274362e-07
  0.220401227671  0.00534599183087  0.835470621413  278.998634901  58.1271617377  132.11747977  0  0  0
p099  d=3.0  m=2.98261274362e-07
  0.21959704586  0.00311625924123  0.487139852952  71.5788198551  204.316852966  314.789300536  0  0  0
p100  d=3.0  m=2.64844675196e-07
  0.258889862352  0.00880177464809  0.319602425  304.010191877  200.547734377  141.55329364  0  0  0
p101  d=3.0  m=2.64844675196e-07
  0.225446911233  0.00446146926451  0.480619527393  194.014168505  229.634291385  197.751559912  0  0  0
p102  d=3.0  m=2.64844675196e-07
  0.268689015212  0.00830251139615  0.189895847427  92.9885622153  323.209889381  1.4910785918  0  0  0
p103  d=3.0  m=2.64844675196e-07
  0.271165672168  0.00558406330012  0.166296536566  95.7140587369  159.142749585  165.964914704  0  0  0
p104  d=3.0  m=2.64844675196e-07
  0.257646636367  0.00863751297096  0.681074946008  136.971813561  192.763546188  50.0654695958  0  0  0
p105  d=3.0  m=2.64844675196e-07
  0.245955195262  0.000290238465419  0.684079537767  289.162589555  96.5090572214  285.944985349  0  0  0
p106  d=3.0  m=2.64844675196e-07
  0.244929769426  0.00742169695446  0.454068978435  338.391215426  27.1863662886  262.667447702  0  0  0
p107  d=3.0  m=2.64844675196e-07
  0.256295816499  0.00997945990367  0.197184002714  283.481069492  39.7857661354  342.61487143  0  0  0
p108  d=3.0  m=2.64844675196e-07
  0.239868303554  0.00037671854476  0.648883675942  276.181253249  224.313009024  216.129039494  0  0  0
p109  d=3.0  m=2.64844675196e-07
  0.253482441488  0.00677366197361  0.591577666908  114.468758795  73.486577714  153.311540432  0  0  0
p110  d=3.0  m=3.79606977376e-07
  0.328600537671  0.0080372471625  0.640134861097  244.26500199  161.544328135  355.28808816  0  0  0
p111  d=3.0  m=3.79606977376e-07
  0.288216985582  0.00104939918893  0.533454711535  183.256637894  350.490281548  265.028364967  0  0  0
p112  d=3.0  m=3.79606977376e-07
  0.289346750409  0.00509144553884  0.589283507017  86.28594242  49.7661819823  116.09521017  0  0  0
p113  d=3.0  m=3.79606977376e-07
  0.308010302367  0.00182818019264  0.469065936811  121.268650833  224.860731569  126.438189156  0  0  0
p114  d=3.0  m=3.79606977376e-07
  0.269556629233  0.000775181180102  0.717001435344  348.60679773  8.57261155293  150.304640272  0  0  0
p115  d=3.0  m=3.79606977376e-07
  0.308297349008  0.00615496124027  0.536013465885  140.576906109  170.664167654  253.934509028  0  0  0
p116  d=3.0  m=3.79606977376e-07
  0.274925819366  0.00526409494428  0.116102504052  188.116109808  200.898009094  291.126597006  0  0  0
p117  d=3.0  m=3.79606977376e-07
  0.304235424843  0.00205841477  0.748264065652  99.1343542402  358.60829341  323.771965563  0  0  0
p118  d=3.0  m=3.79606977376e-07
  0.315105256171  0.008495576463  0.850949774355  154.626381748  148.531984115  340.157909759  0  0  0
p119  d=3.0  m=3.79606977376e-07
  0.330042071109  0.00383800686144  0.424618460231  51.3368654656  185.447199563  35.3408969096  0  0  0
p120  d=3.0  m=4.61292690984e-07
  0.388862664073  0.00967148571876  0.648464471627  278.19028318  218.622415355  148.240202981  0  0  0
p121  d=3.0  m=4.61292690984e-07
  0.392685269519  0.00690800949669  0.115332050878  193.806498964  351.250499499  177.246471299  0  0  0
p122  d=3.0  m=4.61292690984e-07
  0.41084718259  0.00066225575127  0.40733067128  256.815128294  194.151545615  114.826820701  0  0  0
p123  d=3.0  m=4.61292690984e-07
  0.416311883687  0.00705536313674  0.763635088396  272.422422782  251.69933315  250.728827868  0  0  0
p124  d=3.0  m=4.61292690984e-07
  0.326404767247  0.000714827372943  0.222330931848  221.486809295  139.791343846  315.710434971  0  0  0
p125  d=3.0  m=4.61292690984e-07
  0.339847466954  0.00962137836457  0.689199813452  42.7171104395  279.691661414  35.7931767954  0  0  0
p126  d=3.0  m=4.61292690984e-07
  0.419165856312  0.00438794154488  0.180545731706  96.760765953  312.938032657  45.4221683305  0  0  0
p127  d=3.0  m=4.61292690984e-07
  0.378384755399  0.00360266956096  0.308197531589  279.6800258  152.648857831  305.225199993  0  0  0
p128  d=3.0  m=4.61292690984e-07
  0.374575270491  0.00376179706242  0.321753984282  8.69554390789  15.6334843228  309.963144258  0  0  0
p129  d=3.0  m=4.61292690984e-07
  0.326619286566  0.000672811429235  0.168753125522  264.765816436  148.975414288  154.649585216  0  0  0
p130  d=3.0  m=5.19733586914e-07
  0.446802046749  0.00314779031055  0.0809313856595  166.858561087  29.6449472165  287.550594418  0  0  0
p131  d=3.0  m=5.19733586914e-07
  0.422458178877  0.00409785059763  0.472513988345  293.902145116  285.588926681  324.038486367  0  0  0
p132  d=3.0  m=5.19733586914e-07
  0.460704612192  0.0097918037216  0.162420118776  293.333773511  189.32938477  236.727427881  0  0  0
p133  d=3.0  m=5.19733586914e-07
  0.471062295625  8.76770243432e-05  0.903169522651  69.7306968127  42.9844850088  210.503868321  0  0  0
p134  d=3.0  m=5.19733586914e-07
  0.473714419005  0.00681488664572  0.97470857924  265.084893947  29.147783913  53.2089352738  0  0  0
p135  d=3.0  m=5.19733586914e-07
  0.486300782533  0.00449463126287  0.045182385184  127.187588903  117.196954068  79.8759276194  0  0  0
p136  d=3.0  m=5.19733586914e-07
  0.438835525684  0.00268265585486  0.35748421253  273.386293426  221.036425305  35.7157447938  0  0  0
p137  d=3.0  m=5.19733586914e-07
  0.407464826465  0.00805361336338  0.589090576411  138.597196395  188.436440889  298.322752241  0  0  0
p138  d=3.0  m=5.19733586914e-07
  0.411957927835  0.00228034527697  0.803371151564  315.921954363  94.1570832565  144.553542923  0  0  0
p139  d=3.0  m=5.19733586914e-07
  0.391027729362  0.000977150419385  0.0691630551003  141.393229066  239.299671526  82.7039419689  0  0  0
p140  d=3.0  m=4.12879909132e-07
  0.584411315452  0.00740103225038  0.407977385921  11.7819623276  289.161521456  338.272456801  0  0  0
p141  d=3.0  m=4.12879909132e-07
  0.596464516666  0.0072948496359  0.0781199188376  130.189436075  243.043871426  15.9066850338  0  0  0
p142  d=3.0  m=4.12879909132e-07
  0.597911171042  0.00988282798874  0.356476032666  137.658636301  35.8701183691  89.0339345767  0  0  0
p143  d=3.0  m=4.12879909132e-07
  0.620329385903  0.00634155835337  0.680360502622  154.536336665  3.94418954734  123.815743422  0  0  0
p144  d=3.0  m=4.12879909132e-07
  0.579561149627  0.00527085998792  0.447600251207  210.248625881  259.026451205  52.7834797127  0  0  0
p145  d=3.0  m=4.12879909132e-07
  0.531896039046  0.00952733135047  0.646002735432  228.714084631  26.2204471568  208.506783249  0  0  0
p146  d=3.0  m=4.12879909132e-07
  0.583104078251  0.00285938586555  0.458739409078  0.165531444657  352.052778985  33.8163118035  0  0  0
p147  d=3.0  m=4.12879909132e-07
  0.612148682805  0.00948600056446  0.536233721259  70.2967090352  47.1531918103  50.8560453174  0  0  0
p148  d=3.0  m=4.12879909132e-07
  0.60501579708  0.00499001380731  0.359867022876  80.2611484452  85.8978815602  278.227731955  0  0  0
p149  d=3.0  m=4.12879909132e-07
  0.580785194509  0.00917486764548  0.921073410307  13.7274922015  231.310027696  329.138114286  0  0  0
p150  d=3.0  m=5.86687995432e-07
  0.660596625015  0.00688016804204  0.824579508019  281.675220848  126.80280502  41.1176716943  0  0  0
p151  d=3.0  m=5.86687995432e-07
  0.584012191881  0.00641714042954  0.105072303155  164.093879219  2.58786918286  136.344134245  0  0  0
p152  d=3.0  m=5.86687995432e-07
  0.616211030046  0.00287021445137  0.304940633077  229.609409139  96.3039458643  271.084406249  0  0  0
p153  d=3.0  m=5.86687995432e-07
  0.671232426753  0.00106139725205  0.204941931118  163.802685473  334.282610221  264.491718252  0  0  0
p154  d=3.0  m=5.86687995432e-07
  0.604665871333  0.00803732142609  0.0644990361889  264.828637318  235.684710843  354.043202594  0  0  0
p155  d=3.0  m=5.86687995432e-07
  0.740702514006  0.00227421388761  0.581103858939  4.51547829547  7.9953362587  326.844976972  0  0  0
p156  d=3.0  m=5.86687995432e-07
  0.677549827728  0.000404275395135  0.869002875878  353.877983376  116.301303348  203.589757436  0  0  0
p157  d=3.0  m=5.86687995432e-07
  0.702970338325  0.00399368781255  0.759807747281  88.6384001505  231.976933306  225.291884548  0  0  0
p158  d=3.0  m=5.86687995432e-07
  0.720306597637  0.00890055942423  0.0494691142944  358.264765045  133.820438622  12.5275699969  0  0  0
p159  d=3.0  m=5.86687995432e-07
  0.61597331893  0.00562846796531  0.240864416716  240.063593205  355.522145339  218.5104055  0  0  0
p160  d=3.0  m=9.3891927839e-07
  0.896624594436  0.00772775532998  0.359714718614  111.727679491  169.621879785  7.09850717139  0  0  0
p161  d=3.0  m=9.3891927839e-07
  1.00055015235  0.00274281675178  0.618774595358  276.673815098  144.929872681  80.4421884238  0  0  0
p162  d=3.0  m=9.3891927839e-07
  0.894539386693  0.00624884883337  0.393866691987  61.7844414077  302.4432645  37.2300027998  0  0  0
p163  d=3.0  m=9.3891927839e-07
  0.877349379071  0.00292122055163  0.4319176731  95.8338038785  15.4448276265  27.2661331699  0  0  0
p164  d=3.0  m=9.3891927839e-07
  0.869740787755  0.00928632364647  0.149383425076  243.38024464  238.741606768  247.860965763  0  0  0
p165  d=3.0  m=9.3891927839e-07
  0.828986436917  0.000896009383415  0.224525730811  103.517532783  301.145141481  170.566429714  0  0  0
p166  d=3.0  m=9.3891927839e-07
  0.723324487478  0.00629094438194  0.968980861104  20.2225300849  316.34180542  145.957106856  0  0  0
p167  d=3.0  m=9.3891927839e-07
  0.758660960053  0.00550211313497  0.928551182373  18.543911814  245.216127814  51.6009720784  0  0  0
p168  d=3.0  m=9.3891927839e-07
  0.986667259109  0.000706328603445  0.0393535641541  264.424394769  134.591428557  47.3972557282  0  0  0
p169  d=3.0  m=9.3891927839e-07
  1.02991983533  0.00430903316108  0.943779408418  203.5524442  11.6491872278  85.2683030779  0  0  0
