)0+_06 Small-body initial data (WARNING: Do not delete this line!!)
)-------------------------------------------------------
style = Asteroid
p000  d=3.0  m=8.21797106662e-09
  0.0498509792503  0.000396162976788  0.92806053945  247.520796135  238.17855795  84.7408941305  0  0  0
p001  d=3.0  m=8.21797106662e-09
  0.0502391738103  0.00315232045113  0.0301436571182  213.356962835  110.770359045  163.93035415  0  0  0
p002  d=3.0  m=8.21797106662e-09
  0.0492775031673  0.00477955592841  0.85757137349  112.839537272  248.871605814  280.146327129  0  0  0
p003  d=3.0  m=8.21797106662e-09
  0.0501039968643  0.00312062203756  0.220452546883  250.877511933  118.977869611  221.257727931  0  0  0
p004  d=3.0  m=8.21797106662e-09
  0.0496988697153  0.00328131166254  0.142086920446  103.715909382  135.656458731  204.124520267  0  0  0
p005  d=3.0  m=8.21797106662e-09
  0.0502705353624  0.00336709796529  0.741878906369  52.4877876121  234.924897527  122.832876369  0  0  0
p006  d=3.0  m=8.21797106662e-09
  0.049054632156  0.00487639524029  0.261820458969  211.787470603  185.141563176  78.8335509556  0  0  0
p007  d=3.0  m=8.21797106662e-09
  0.0516802161591  0.00511644646035  0.954640684785  59.5174049783  280.736316003  148.249849153  0  0  0
p008  d=3.0  m=8.21797106662e-09
  0.049966256912  0.00561714145559  0.601720385651  83.9830610806  266.326089131  46.2039574051  0  0  0
p009  d=3.0  m=8.21797106662e-09
  0.0496508701935  0.000472301180303  0.188488270895  37.2360806859  18.5401253174  173.244348388  0  0  0
p010  d=3.0  m=6.61104174568e-09
  0.0537347269184  0.00566563966961  0.940083851697  284.343221297  133.953792824  191.788166769  0  0  0
p011  d=3.0  m=6.61104174568e-09
  0.0536607448813  0.00934756069264  0.330284642977  258.261600119  20.5772344669  43.2348387361  0  0  0
p012  d=3.0  m=6.61104174568e-09
  0.052578217741  0.00987439193267  0.828570182672  17.7288527238  296.059101912  208.306841119  0  0  0
p013  d=3.0  m=6.61104174568e-09
  0.0522521913733  0.00955367593137  0.140310919635  234.590553125  255.936212838  73.1983592538  0  0  0
p014  d=3.0  m=6.61104174568e-09
  0.0532657025257  0.00333427264339  0.731610114391  185.405294679  160.991071778  301.124064088  0  0  0
p015  d=3.0  m=6.61104174568e-09
  0.0528561703105  0.00172782857349  0.684299948995  319.248058886  252.855922246  220.220121189  0  0  0
p016  d=3.0  m=6.61104174568e-09
  0.053102336711  0.00134746220458  0.693948784889  69.7065007748  346.52451405  26.6519599929  0  0  0
p017  d=3.0  m=6.61104174568e-09
  0.0538694226612  0.000509793849737  0.446823276645  328.661124844  186.857168261  305.69651699  0  0  0
p018  d=3.0  m=6.61104174568e-09
  0.052996319133  0.0036007273623  0.588887974304  21.5496768331  115.448063875  74.2817085705  0  0  0
p019  d=3.0  m=6.61104174568e-09
  0.0532151363124  0.00267324169815  0.99560107778  78.7252581749  252.444680345  100.494605823  0  0  0
p020  d=3.0  m=8.78753445297e-09
  0.0583279286692  0.00435448547044  0.0547922987782  123.390650246  147.854687454  99.5957190336  0  0  0
p021  d=3.0  m=8.78753445297e-09
  0.0571486721528  0.00052803574797  0.968744696286  77.293095926  262.438383164  179.893186289  0  0  0
p022  d=3.0  m=8.78753445297e-09
  0.05693624111  0.0089430691387  0.809275525344  249.28910773  142.015550573  45.8541534739  0  0  0
p023  d=3.0  m=8.78753445297e-09
  0.0560287880778  0.00844273341798  0.420534686839  242.009221665  246.499329335  275.535349366  0  0  0
p024  d=3.0  m=8.78753445297e-09
  0.0552353769842  0.00656342031056  0.00182307855672  275.540522602  9.5011335432  58.7564013564  0  0  0
p025  d=3.0  m=8.78753445297e-09
  0.0543606259363  0.00128934770749  0.0738055122855  105.818462147  316.202835101  133.853213794  0  0  0
p026  d=3.0  m=8.78753445297e-09
  0.0563704949043  0.00296242335902  0.819140908231  120.026069522  222.93628801  255.151038995  0  0  0
p027  d=3.0  m=8.78753445297e-09
  0.0575010252831  0.000919747680495  0.826245807923  74.0692502013  268.906022456  119.806912354  0  0  0
p028  d=3.0  m=8.78753445297e-09
  0.0575433880637  0.00798941116692  0.317121309802  67.823735634  41.07747917  329.892061021  0  0  0
p029  d=3.0  m=8.78753445297e-09
  0.0572010297549  0.00542485266917  0.47704731747  212.382691158  163.829017506  296.576872773  0  0  0
p030  d=3.0  m=1.0885290865e-08
  0.0587774061811  0.0089824272979  0.160578564596  208.440512747  121.698027054  57.9519778534  0  0  0
p031  d=3.0  m=1.0885290865e-08
  0.0608531345105  0.00774884838113  0.56457108001  223.40689661  114.059049269  73.0515129465  0  0  0
p032  d=3.0  m=1.0885290865e-08
  0.0581735453026  0.000712986538133  0.455277010279  295.192094927  149.888804467  36.7270923333  0  0  0
p033  d=3.0  m=1.0885290865e-08
  0.0598861425572  0.00535153471636  0.584954110775  253.892660515  242.803017794  17.3481100235  0  0  0
p034  d=3.0  m=1.0885290865e-08
  0.0616137917731  0.00406215038055  0.748132733976  309.726809229  36.5091807103  60.91264305  0  0  0
p035  d=3.0  m=1.0885290865e-08
  0.0573313474314  0.00835272315307  0.664034229357  145.976798869  177.320018711  287.416065039  0  0  0
p036  d=3.0  m=1.0885290865e-08
  0.0577463289418  0.00232856517308  0.764050527295  67.3700752527  20.281458596  327.862161536  0  0  0
p037  d=3.0  m=1.0885290865e-08
  0.0616896928459  0.000471653902317  0.608532636059  189.743676894  22.1423308604  353.639094024  0  0  0
p038  d=3.0  m=1.0885290865e-08
  0.0582897416885  0.00069051453504  0.695764026007  315.47679201  28.1519103252  193.207768493  0  0  0
p039  d=3.0  m=1.0885290865e-08
  0.0580625328947  0.00221130277891  0.261558976846  176.731780961  353.870169982  84.2946027254  0  0  0
p040  d=3.0  m=1.30349157175e-08
  0.065372813867  0.000511303147149  0.808876037754  109.329398113  160.040735034  338.197388351  0  0  0
p041  d=3.0  m=1.30349157175e-08
  0.0621539001076  0.00351476086057  0.28979192124  148.407820239  189.299799717  127.022828929  0  0  0
p042  d=3.0  m=1.30349157175e-08
  0.0624412242654  0.000151279878579  0.437942194027  295.870349395  320.943315523  102.583250189  0  0  0
p043  d=3.0  m=1.30349157175e-08
  0.0611616274528  0.004759472752  0.797516454595  87.9583287257  139.239567402  186.034771043  0  0  0
p044  d=3.0  m=1.30349157175e-08
  0.0635814822725  0.00319839566567  0.0410043028096  123.016810632  183.974738307  313.780853737  0  0  0
p045  d=3.0  m=1.30349157175e-08
  0.0648519867542  0.00437308065166  0.192802687481  141.443374458  130.295546694  32.3456543429  0  0  0
p046  d=3.0  m=1.30349157175e-08
  0.0610754083973  0.000200480146788  0.470869355558  257.14318336  8.17472654357  112.842095158  0  0  0
p047  d=3.0  m=1.30349157175e-08
  0.0637331430559  0.00275826271849  0.42391453453  67.6568049601  263.822301141  25.1050564222  0  0  0
p048  d=3.0  m=1.30349157175e-08
  0.0657168947134  0.00841367916747  0.441691651327  148.106719276  60.6252970739  177.299718904  0  0  0
p049  d=3.0  m=1.30349157175e-08
  0.0665921823611  0.00894590054015  0.16272685588  170.097901079  226.300837807  293.032306346  0  0  0
p050  d=3.0  m=8.53162949119e-09
  0.0689609612916  0.000681975897501  0.688403257584  345.365355954  173.43410001  309.516035153  0  0  0
p051  d=3.0  m=8.53162949119e-09
  0.0667197731807  0.00357157271439  0.8894473169  126.084019687  316.397488223  167.484672974  0  0  0
p052  d=3.0  m=8.53162949119e-09
  0.0694665518828  0.0002083884959  0.265759093893  144.25249475  146.502826948  187.784734977  0  0  0
p053  d=3.0  m=8.53162949119e-09
  0.0677239821535  0.00744210428931  0.429803384862  267.672983725  299.634617102  75.449391102  0  0  0
p054  d=3.0  m=8.53162949119e-09
  0.0700177731506  0.00777725966168  0.196207692112  144.259975072  326.976050796  267.887479847  0  0  0
p055  d=3.0  m=8.53162949119e-09
  0.0682659904025  0.00943130210748  0.546644971975  295.565190221  50.288672698  62.574809342  0  0  0
p056  d=3.0  m=8.53162949119e-09
  0.0668974740456  0.00455538332287  0.773411740012  101.485620735  108.363633472  77.2050663168  0  0  0
p057  d=3.0  m=8.53162949119e-09
  0.0678609852944  0.00404049217719  0.875882234372  278.470217752  168.093544317  117.584201366  0  0  0
p058  d=3.0  m=8.53162949119e-09
  0.0710505188035  0.00933994664988  0.391931328338  5.37712528647  160.195929578  321.50943724  0  0  0
p059  d=3.0  m=8.53162949119e-09
  0.0671520981349  0.00973896529097  0.701374872949  44.4608754154  231.592833909  220.208723964  0  0  0
p060  d=3.0  m=1.11754741503e-08
  0.0699775329994  0.00875707877923  0.986999863781  278.870495957  128.193382561  11.4819442763  0  0  0
p061  d=3.0  m=1.11754741503e-08
  0.0714545793342  0.00914354933417  0.39799700581  55.9961500573  39.0724768716  280.649026332  0  0  0
p062  d=3.0  m=1.11754741503e-08
  0.0696949978238  0.00755089885481  0.861984760438  237.996383476  59.7337487862  70.4283973243  0  0  0
p063  d=3.0  m=1.11754741503e-08
  0.0717581963245  0.00585266078678  0.0887177519626  56.4423929184  298.977590132  339.054242552  0  0  0
p064  d=3.0  m=1.11754741503e-08
  0.0713900535853  0.00390300841745  0.910451278785  67.9921459082  270.979358166  57.2220698758  0  0  0
p065  d=3.0  m=1.11754741503e-08
  0.074065244771  0.00539437367583  0.357178936774  254.393853762  40.7016905062  89.3731966166  0  0  0
p066  d=3.0  m=1.11754741503e-08
  0.0703588409339  0.00303131409973  0.475720309765  41.981006544  291.481649119  347.346286141  0  0  0
p067  d=3.0  m=1.11754741503e-08
  0.0731175082503  0.00864753769123  0.373381234588  330.973481487  182.841826661  183.847408322  0  0  0
p068  d=3.0  m=1.11754741503e-08
  0.0702036067065  0.000786413366075  0.921943332966  301.651659412  348.988756001  153.366328437  0  0  0
p069  d=3.0  m=1.11754741503e-08
  0.0744784180601  0.00908315940895  0.544853314291  202.744759951  107.14002772  354.951850749  0  0  0
p070  d=3.0  m=1.01973334447e-08
  0.0785160594633  0.00768426755948  0.0844191037955  305.608943309  215.769126964  5.63625792229  0  0  0
p071  d=3.0  m=1.01973334447e-08
  0.0745483894136  0.00424315515343  0.724130567866  120.948800333  330.183938441  214.312028136  0  0  0
p072  d=3.0  m=1.01973334447e-08
  0.0762233509035  0.0036607354634  0.518200420053  55.5592454354  186.50211252  289.000396744  0  0  0
p073  d=3.0  m=1.01973334447e-08
  0.0750355404241  0.00659943854258  0.154380309797  188.965498987  55.5209418252  147.290703392  0  0  0
p074  d=3.0  m=1.01973334447e-08
  0.0775842212091  0.00379102694686  0.718210338536  53.9874953655  196.095581066  246.7678403  0  0  0
p075  d=3.0  m=1.01973334447e-08
  0.0758446440611  0.00346944520674  0.66650389005  348.627005087  87.3050548291  212.938695699  0  0  0
p076  d=3.0  m=1.01973334447e-08
  0.0778754322646  0.00381108939921  0.689869733691  218.577152513  218.196088291  94.0621525469  0  0  0
p077  d=3.0  m=1.01973334447e-08
  0.0750299224307  0.000657493898972  0.424237387823  214.522447937  98.0791300666  82.4946704258  0  0  0
p078  d=3.0  m=1.01973334447e-08
  0.0801822317264  0.0043864291102  0.929113201452  64.4185316081  225.760589607  122.221616678  0  0  0
p079  d=3.0  m=1.01973334447e-08
  0.0787233658124  0.00251443778996  0.964355140834  299.956581636  205.737802119  281.02975023  0  0  0
p080  d=3.0  m=1.40145694035e-08
  0.086109600486  0.000779121507335  0.706118566644  76.9246710439  320.543615257  316.861621712  0  0  0
p081  d=3.0  m=1.40145694035e-08
  0.0795238275098  0.00741223206611  0.134436383139  160.47364656  147.518015547  72.2895538323  0  0  0
p082  d=3.0  m=1.40145694035e-08
  0.0812024517949  0.00767841620715  0.676024021859  340.436281312  203.802927765  291.051954468  0  0  0
p083  d=3.0  m=1.40145694035e-08
  0.0840621702712  0.00101309982691  0.657635100861  75.0164488502  187.850761233  122.535341277  0  0  0
p084  d=3.0  m=1.40145694035e-08
  0.0848820284472  0.00779372202603  0.201486037585  161.713798473  118.07701005  142.774688267  0  0  0
p085  d=3.0  m=1.40145694035e-08
  0.0825040329465  0.000870744572647  0.701895873075  83.0451487679  158.221277279  226.322762628  0  0  0
p086  d=3.0  m=1.40145694035e-08
  0.0796604027816  0.00636829486007  0.915515016411  73.0746409202  262.275494556  287.012459585  0  0  0
p087  d=3.0  m=1.40145694035e-08
  0.085793137733  0.00903680905308  0.736015463235  39.9144649206  82.1002882062  306.000553946  0  0  0
p088  d=3.0  m=1.40145694035e-08
  0.0823637160599  0.001972278648  0.714448250611  201.682295449  282.772353924  221.641405249  0  0  0
p089  d=3.0  m=1.40145694035e-08
  0.0807332808172  0.000873457254674  0.549446088305  351.789051616  158.209179797  266.865574649  0  0  0
p090  d=3.0  m=1.6427677261e-08
  0.0907542661199  0.00318571394477  0.251715957296  84.8790658548  55.9552421217  49.141729687  0  0  0
p091  d=3.0  m=1.6427677261e-08
  0.0840010516767  0.00958474094448  0.787366251053  67.5210602773  338.931215187  8.24296457  0  0  0
p092  d=3.0  m=1.6427677261e-08
  0.0845886782925  0.00356320273196  0.782848298822  59.5509483303  303.432850991  293.89647281  0  0  0
p093  d=3.0  m=1.6427677261e-08
  0.0867913553032  0.0024343389328  0.382239068352  278.02610832  10.1243316565  85.1219554591  0  0  0
p094  d=3.0  m=1.6427677261e-08
  0.0916738919739  0.00598840731579  0.298211645753  95.7443390569  36.7334319648  265.32998192  0  0  0
p095  d=3.0  m=1.6427677261e-08
  0.0885245947141  0.00240366078651  0.0398221675577  49.4312894622  265.138199388  193.406875309  0  0  0
p096  d=3.0  m=1.6427677261e-08
  0.0859511533648  0.00394017844146  0.559875449967  133.692035522  15.4856294966  56.8484730018  0  0  0
p097  d=3.0  m=1.6427677261e-08
  0.0906932058618  0.00572395535482  0.239853588574  17.6470360723  23.9412439078  128.517573819  0  0  0
p098  d=3.0  m=1.6427677261e-08
  0.0863977838938  0.00340433514649  0.0100423311648  200.088119829  11.9554178566  84.9193029239  0  0  0
p099  d=3.0  m=1.6427677261e-08
  0.0864721672182  0.00146790435782  0.871644467007  61.426045706  114.500672119  355.758995294  0  0  0
p100  d=3.0  m=1.43206259674e-08
  0.0974893806523  0.0015018913011  0.967113448588  300.393807971  357.209761539  118.86119562  0  0  0
p101  d=3.0  m=1.43206259674e-08
  0.0935516887652  0.00965015188117  0.363385309115  269.520072671  83.4645481004  338.144079481  0  0  0
p102  d=3.0  m=1.43206259674e-08
  0.100143067622  0.00458444539096  0.418531444447  187.75125904  169.984647813  56.5643259076  0  0  0
p103  d=3.0  m=1.43206259674e-08
  0.10067517411  0.00624555947968  0.593162374455  330.551137294  355.062966192  116.108862534  0  0  0
p104  d=3.0  m=1.43206259674e-08
  0.0954532211446  0.00428903074325  0.685621975356  216.057853665  113.480740577  162.253961377  0  0  0
p105  d=3.0  m=1.43206259674e-08
  0.0946776738736  0.0020404152794  0.0632804650448  244.727224193  192.231414291  68.9935245683  0  0  0
p106  d=3.0  m=1.43206259674e-08
  0.0960530321921  0.00441397861519  0.224015471422  317.256189037  305.507795454  131.127598248  0  0  0
p107  d=3.0  m=1.43206259674e-08
  0.0920801827873  0.00305445178265  0.994863240515  324.916253887  278.246450215  31.5619801666  0  0  0
p108  d=3.0  m=1.43206259674e-08
  0.0991909832245  0.00490232156306  0.27504480108  164.272332615  136.672584867  187.928778482  0  0  0
p109  d=3.0  m=1.43206259674e-08
  0.09191928561  0.0078024181398  0.938669781695  230.720803431  257.113273027  300.268074586  0  0  0
p110  d=3.0  m=1.68844573387e-08
  0.103493034872  0.00206979070295  0.966130167031  168.983935292  210.471870661  210.614573864  0  0  0
p111  d=3.0  m=1.68844573387e-08
  0.0988404869522  0.00485943292339  0.251204025788  66.3890100323  100.795720861  194.528162288  0  0  0
p112  d=3.0  m=1.68844573387e-08
  0.102188599146  0.00160543618613  0.0707401536888  131.620143426  252.771136555  168.798984777  0  0  0
p113  d=3.0  m=1.68844573387e-08
  0.10556503676  0.00292937615137  0.350861079054  123.055715781  84.6974965744  214.389174519  0  0  0
p114  d=3.0  m=1.68844573387e-08
  0.0997603998431  0.00378301416759  0.252442490315  79.6434234401  196.463612176  213.129320953  0  0  0
p115  d=3.0  m=1.68844573387e-08
  0.100148665508  0.00656206562246  0.702533936647  270.274073002  316.335524004  324.024849943  0  0  0
p116  d=3.0  m=1.68844573387e-08
  0.108751869751  0.00103926941395  0.318682804569  136.599855582  120.34320544  347.680617896  0  0  0
p117  d=3.0  m=1.68844573387e-08
  0.105406928445  0.0096775150321  0.0464638730642  306.239068525  63.3505992943  39.9125019782  0  0  0
p118  d=3.0  m=1.68844573387e-08
  0.105593269137  0.0070301011418  0.466763497946  57.1608642572  53.6668021338  138.99794871  0  0  0
p119  d=3.0  m=1.68844573387e-08
  0.106779130916  0.00204393676056  0.197981976756  319.912524377  254.683887956  133.987164372  0  0  0
p120  d=3.0  m=1.08908382945e-08
  0.114232991468  0.00288997919086  0.745343221138  264.421075095  117.57941658  54.9897282421  0  0  0
p121  d=3.0  m=1.08908382945e-08
  0.112931173923  0.00575934361126  0.975871130631  343.386899854  215.518549031  92.5724460144  0  0  0
p122  d=3.0  m=1.08908382945e-08
  0.108056177417  0.00101087601203  0.709896667379  37.2885234826  181.679268364  128.342557924  0  0  0
p123  d=3.0  m=1.08908382945e-08
  0.112527589799  0.00125554108566  0.727557362069  203.239049508  205.04188907  289.857648186  0  0  0
p124  d=3.0  m=1.08908382945e-08
  0.107966602017  0.00744854211679  0.475770097539  189.096880435  250.945188656  146.818979056  0  0  0
p125  d=3.0  m=1.08908382945e-08
  0.10803703005  0.00227714528589  0.661569992319  287.856175599  13.1221746334  292.670670785  0  0  0
p126  d=3.0  m=1.08908382945e-08
  0.108878027853  0.00110990321789  0.269456154601  287.355066589  89.2056606454  301.283885877  0  0  0
p127  d=3.0  m=1.08908382945e-08
  0.109283330203  0.00161308155416  0.142529498254  92.7670457054  252.763736393  145.576352767  0  0  0
p128  d=3.0  m=1.08908382945e-08
  0.109869766003  0.00725631978651  0.95509323001  172.516109276  355.703430545  314.444410771  0  0  0
p129  d=3.0  m=1.08908382945e-08
  0.112066713181  0.00115312626162  0.755708874111  148.812215358  262.66444575  147.252463803  0  0  0
p130  d=3.0  m=1.25054272342e-08
  0.116083623009  0.00877493514494  0.905063844739  265.002368402  67.3443918886  327.376879668  0  0  0
p131  d=3.0  m=1.25054272342e-08
  0.116670519043  0.000908953244705  0.323513657541  203.468707861  239.383432797  84.3739548819  0  0  0
p132  d=3.0  m=1.25054272342e-08
  0.117439849742  0.00474525576338  0.529907829815  211.294362911  311.323735331  89.1547519357  0  0  0
p133  d=3.0  m=1.25054272342e-08
  0.119597419827  0.00625049548568  0.731612277975  218.318668305  352.23294486  1.79472463781  0  0  0
p134  d=3.0  m=1.25054272342e-08
  0.119593759667  0.00409983570463  0.933010230065  96.2238969788  26.8563010289  155.90424383  0  0  0
p135  d=3.0  m=1.25054272342e-08
  0.117131409445  0.00624835764476  0.753830441003  75.4218038476  28.1631786604  248.112602157  0  0  0
p136  d=3.0  m=1.25054272342e-08
  0.114531100898  0.0031213001865  0.180756630854  16.0142384718  99.1081230045  128.806648524  0  0  0
p137  d=3.0  m=1.25054272342e-08
  0.114027063988  0.00181071155551  0.511586010654  249.471640743  216.383085678  267.373198552  0  0  0
p138  d=3.0  m=1.25054272342e-08
  0.118326567566  0.00172406038545  0.991456811611  111.514804304  359.680306748  288.962166352  0  0  0
p139  d=3.0  m=1.25054272342e-08
  0.118885701418  0.00468853049975  0.790472135937  78.5600888396  316.933395004  77.7167119378  0  0  0
p140  d=3.0  m=1.37876810862e-08
  0.119608538617  0.00342770449273  0.620942039437  110.949885528  104.986078373  100.894742207  0  0  0
p141  d=3.0  m=1.37876810862e-08
  0.124807690205  0.00412101557802  0.275472790199  146.826651801  237.219721041  199.708387046  0  0  0
p142  d=3.0  m=1.37876810862e-08
  0.121470836444  0.00483333265051  0.957357293655  282.224174234  338.17855692  97.5551300234  0  0  0
p143  d=3.0  m=1.37876810862e-08
  0.126692215532  0.00714561801629  0.282344857848  342.067523225  186.834157059  274.967339886  0  0  0
p144  d=3.0  m=1.37876810862e-08
  0.12203873437  0.00190516871774  0.731399282165  275.24972867  170.991644298  52.6721101052  0  0  0
p145  d=3.0  m=1.37876810862e-08
  0.126418874975  0.00187314181119  0.769945784473  192.024737226  153.82854286  241.285772493  0  0  0
p146  d=3.0  m=1.37876810862e-08
  0.120964039744  0.00437378874105  0.203496200124  280.136832731  119.255268398  317.080767231  0  0  0
p147  d=3.0  m=1.37876810862e-08
  0.123627138261  0.00420523849144  0.530007019468  59.3827890873  318.627251665  288.175565602  0  0  0
p148  d=3.0  m=1.37876810862e-08
  0.120177922332  0.00666452933457  0.533819229548  303.569119172  349.079351209  312.951799949  0  0  0
p149  d=3.0  m=1.37876810862e-08
  0.121605761504  0.0089604611874  0.44070192368  205.503223859  101.697200644  236.471539201  0  0  0
p150  d=3.0  m=1.71880373959e-08
  0.136872763658  0.00980690140003  0.743768827075  318.512636977  280.309201293  151.382626859  0  0  0
p151  d=3.0  m=1.71880373959e-08
  0.130407134903  0.00900915684762  0.498347233761  346.552530259  237.261363703  39.9063837484  0  0  0
p152  d=3.0  m=1.71880373959e-08
  0.131571708558  0.00665200492227  0.205901299639  96.2014412837  331.080515615  15.7647394853  0  0  0
p153  d=3.0  m=1.71880373959e-08
  0.132231491321  0.00169317475365  0.97476929417  324.294350237  202.432523135  146.903461885  0  0  0
p154  d=3.0  m=1.71880373959e-08
  0.135885271053  0.00457407894168  0.00722585763065  355.632489145  260.731291128  32.5606089537  0  0  0
p155  d=3.0  m=1.71880373959e-08
  0.127021022741  0.00528259361992  0.883826940811  201.950729482  8.39514489855  331.752824085  0  0  0
p156  d=3.0  m=1.71880373959e-08
  0.137974994697  0.00980260702496  0.230719859629  260.814173838  267.114150763  171.937753618  0  0  0
p157  d=3.0  m=1.71880373959e-08
  0.129605108255  0.00224374182195  0.361566592751  131.072449528  30.3934474446  307.607003437  0  0  0
p158  d=3.0  m=1.71880373959e-08
  0.135740845144  0.00804040923981  0.686446256649  98.2751750793  349.158537208  231.838215776  0  0  0
p159  d=3.0  m=1.71880373959e-08
  0.129810539524  0.0089961381109  0.546283875594  151.478848229  185.677073458  158.248025683  0  0  0
p160  d=3.0  m=1.75791147483e-08
  0.139477397229  0.00436679331005  0.933702376349  78.9893574805  323.439252481  211.036553324  0  0  0
p161  d=3.0  m=1.75791147483e-08
  0.137458879576  0.00354465428062  0.834219480644  315.089334337  184.714701903  167.595092305  0  0  0
p162  d=3.0  m=1.75791147483e-08
  0.137842609842  0.00756783697361  0.378853039311  165.636442359  294.936959549  309.289377343  0  0  0
p163  d=3.0  m=1.75791147483e-08
  0.148951136517  0.005649759313  0.889942830196  67.1649855578  226.100509592  24.0280558716  0  0  0
p164  d=3.0  m=1.75791147483e-08
  0.139068502918  0.00995687171141  0.833075274027  324.381311151  257.951839558  316.200005783  0  0  0
p165  d=3.0  m=1.75791147483e-08
  0.142024679081  0.00127411126859  0.133899478395  279.764598292  32.1471091772  60.8749522959  0  0  0
p166  d=3.0  m=1.75791147483e-08
  0.145780133123  0.00457124216146  0.601109595837  46.6835180183  103.2746515  256.44488225  0  0  0
p167  d=3.0  m=1.75791147483e-08
  0.139690041981  0.00515966316847  0.201812333586  219.812797127  142.256826799  38.5532881009  0  0  0
p168  d=3.0  m=1.75791147483e-08
  0.147731018041  0.00577322127776  0.248968186236  88.7581530739  80.7673834852  158.59989373  0  0  0
p169  d=3.0  m=1.75791147483e-08
  0.146391279014  0.00809907202379  0.425052460297  101.852582687  34.789862881  164.537206293  0  0  0
p170  d=3.0  m=2.41158371186e-08
  0.149476391421  0.00679036325489  0.734932780766  28.2564419326  208.56048488  133.596653718  0  0  0
p171  d=3.0  m=2.41158371186e-08
  0.162272479621  0.00565230843262  0.989297692633  319.516535471  170.382333783  358.153573636  0  0  0
p172  d=3.0  m=2.41158371186e-08
  0.152686713483  0.00758338214817  0.775428778969  76.5580152085  222.757536433  110.363577279  0  0  0
p173  d=3.0  m=2.41158371186e-08
  0.160108139341  0.00713465193204  0.500430523082  126.729791333  268.963208526  189.38604193  0  0  0
p174  d=3.0  m=2.41158371186e-08
  0.163319369338  0.00819168299584  0.794947108708  182.435943051  301.420328996  145.503851399  0  0  0
p175  d=3.0  m=2.41158371186e-08
  0.155343985862  0.00815599585032  0.325574236776  228.716342706  62.8177174169  161.509438834  0  0  0
p176  d=3.0  m=2.41158371186e-08
  0.161241709685  0.00159684373695  0.299179966109  104.795111088  37.2668948675  98.7371729043  0  0  0
p177  d=3.0  m=2.41158371186e-08
  0.153507265682  0.00378842651466  0.161175967091  336.065803596  90.8189531369  216.576308563  0  0  0
p178  d=3.0  m=2.41158371186e-08
  0.156224581621  0.000817814076912  0.843967054651  73.0632998199  260.684367903  133.074602238  0  0  0
p179  d=3.0  m=2.41158371186e-08
  0.157602082923  0.00155141761723  0.438445547987  128.034130792  129.770671792  284.04494061  0  0  0
p180  d=3.0  m=2.52648986874e-08
  0.158865984283  0.00193795899917  0.723301915239  315.984420592  257.169919642  199.316042329  0  0  0
p181  d=3.0  m=2.52648986874e-08
  0.171330859012  0.00147672056021  0.285633902794  218.139661779  85.2026921259  60.6250147233  0  0  0
p182  d=3.0  m=2.52648986874e-08
  0.171145667712  0.00841770253307  0.114903330831  220.729037  280.396387447  114.953450554  0  0  0
p183  d=3.0  m=2.52648986874e-08
  0.160378044297  0.00746996350848  0.37700675476  328.356330962  303.370251732  274.757699304  0  0  0
p184  d=3.0  m=2.52648986874e-08
  0.171109697795  0.00331825603732  0.348247536578  161.149962316  281.825321893  203.96428598  0  0  0
p185  d=3.0  m=2.52648986874e-08
  0.159680420169  0.00104707993747  0.569841965071  96.1249801992  201.644890789  132.148060526  0  0  0
p186  d=3.0  m=2.52648986874e-08
  0.176556089719  0.000727739745143  0.544167979233  105.385631018  112.107462689  238.583456522  0  0  0
p187  d=3.0  m=2.52648986874e-08
  0.161444851954  0.00897791897462  0.135451407841  58.5566628462  91.3707474348  338.399566315  0  0  0
p188  d=3.0  m=2.52648986874e-08
  0.161845566706  0.00983696329272  0.421025645606  104.63303797  72.2785086419  252.258236955  0  0  0
p189  d=3.0  m=2.52648986874e-08
  0.169592605965  0.00937502888321  0.0815691156373  272.554128844  287.334322258  244.043269502  0  0  0
p190  d=3.0  m=2.80175781018e-08
  0.17579635781  0.00992901630885  0.906237893665  195.121748535  227.551163885  188.272200202  0  0  0
p191  d=3.0  m=2.80175781018e-08
  0.191585776598  0.00573109674987  0.952199386717  248.667291539  41.3573529789  302.108761542  0  0  0
p192  d=3.0  m=2.80175781018e-08
  0.195780886993  0.00476154091721  0.105154402699  150.68125184  155.734048821  315.680970103  0  0  0
p193  d=3.0  m=2.80175781018e-08
  0.174691405481  0.00377867814378  0.852887409789  32.7944286973  158.055418103  172.267405922  0  0  0
p194  d=3.0  m=2.80175781018e-08
  0.196498345375  0.00628022234494  0.289170260431  117.706128654  20.6513829067  101.524896207  0  0  0
p195  d=3.0  m=2.80175781018e-08
  0.178700605691  0.00148035447092  0.824488015057  132.061152358  311.402415257  234.886457281  0  0  0
p196  d=3.0  m=2.80175781018e-08
  0.194377658201  0.00476215631209  0.804594749946  243.77006726  238.151830844  11.1288383424  0  0  0
p197  d=3.0  m=2.80175781018e-08
  0.195845133668  0.00731533524699  0.444600165688  91.3747135138  26.2269628801  280.368430462  0  0  0
p198  d=3.0  m=2.80175781018e-08
  0.184776859372  0.000366463434396  0.250934333765  169.836183749  166.005612087  352.903160891  0  0  0
p199  d=3.0  m=2.80175781018e-08
  0.182134683604  0.00320298324193  0.466910510218  241.117813705  126.412994546  37.0415111796  0  0  0
p200  d=3.0  m=2.55892322708e-08
  0.212247456649  0.00933853416797  0.387182709272  122.651139351  273.669235786  107.290769339  0  0  0
p201  d=3.0  m=2.55892322708e-08
  0.196463329862  0.00329520336423  0.467260446738  37.0096757003  76.3061438021  335.926030423  0  0  0
p202  d=3.0  m=2.55892322708e-08
  0.208675753501  0.00715874207074  0.679924459022  181.182936064  329.55496713  82.3222410626  0  0  0
p203  d=3.0  m=2.55892322708e-08
  0.209754789094  0.00616565801784  0.599127574975  115.705225219  70.8941468208  158.87610571  0  0  0
p204  d=3.0  m=2.55892322708e-08
  0.205538899412  0.0084209527336  0.17387694871  34.0522927356  110.90422128  302.639451193  0  0  0
p205  d=3.0  m=2.55892322708e-08
  0.214499642821  0.00692738352545  0.44137550723  286.694511773  84.3119297286  246.26061833  0  0  0
p206  d=3.0  m=2.55892322708e-08
  0.215447249578  0.00217540277654  0.367120014485  213.565634757  110.129937588  83.0984574159  0  0  0
p207  d=3.0  m=2.55892322708e-08
  0.200029303278  0.00551616626453  0.601465861074  196.774829001  195.146813112  267.791549839  0  0  0
p208  d=3.0  m=2.55892322708e-08
  0.208055425431  0.00768653738898  0.375016940111  179.801237511  242.083633622  141.3950194  0  0  0
p209  d=3.0  m=2.55892322708e-08
  0.214743221506  0.00378187810298  0.442763205094  200.851178114  86.9797009  87.8010462131  0  0  0
p210  d=3.0  m=2.27723459166e-08
  0.215296860568  0.00357626316948  0.443464253967  346.484584659  83.3911073277  200.480561785  0  0  0
p211  d=3.0  m=2.27723459166e-08
  0.230313806279  0.00288937123126  0.707526069491  294.10486719  47.3501947691  131.653361844  0  0  0
p212  d=3.0  m=2.27723459166e-08
  0.214052897199  0.000231477507277  0.520514589342  307.328200541  161.104129686  9.04356152628  0  0  0
p213  d=3.0  m=2.27723459166e-08
  0.217174128  0.00341405799629  0.721199691805  98.4566015967  326.923576645  263.411380104  0  0  0
p214  d=3.0  m=2.27723459166e-08
  0.226929047395  0.00184814717898  0.985490405648  4.02719106182  57.3009483821  312.560157275  0  0  0
p215  d=3.0  m=2.27723459166e-08
  0.217749755346  0.00800457999734  0.343671619208  284.325776575  214.556047284  123.789983957  0  0  0
p216  d=3.0  m=2.27723459166e-08
  0.217150030673  0.00264511711173  0.847954187826  108.633862256  65.4459057296  234.276939133  0  0  0
p217  d=3.0  m=2.27723459166e-08
  0.223959209974  0.00191436959751  0.661255017602  289.299849079  90.453317016  36.7296210335  0  0  0
p218  d=3.0  m=2.27723459166e-08
  0.224882658718  0.00430376376907  0.19010994256  44.5179135452  172.630603075  238.13088472  0  0  0
p219  d=3.0  m=2.27723459166e-08
  0.220278457375  0.00460330983691  0.317452001074  269.398462052  116.621224594  63.1585467263  0  0  0
p220  d=3.0  m=2.51688353915e-08
  0.248876078847  0.00157577039049  0.230748871377  344.950737838  277.21518497  250.695546071  0  0  0
p221  d=3.0  m=2.51688353915e-08
  0.246812314125  0.00708433074692  0.184282323762  108.545674186  10.2578726737  58.1348234124  0  0  0
p222  d=3.0  m=2.51688353915e-08
  0.235357944579  0.00721255511317  0.328473235404  198.458535068  124.322095523  68.9616314222  0  0  0
p223  d=3.0  m=2.51688353915e-08
  0.247657987069  0.00848370822875  0.254332819282  309.909284432  87.6668601608  57.0331748368  0  0  0
p224  d=3.0  m=2.51688353915e-08
  0.235836317525  0.00994875193553  0.389480115077  286.658460187  20.7303997364  302.911995689  0  0  0
p225  d=3.0  m=2.51688353915e-08
  0.240252769265  0.00832855071871  0.131179195955  290.773385567  267.000964442  345.720779328  0  0  0
p226  d=3.0  m=2.51688353915e-08
  0.227806126052  0.00153793900883  0.348325722788  340.800830883  298.602176618  139.173825637  0  0  0
p227  d=3.0  m=2.51688353915e-08
  0.242558857535  0.00835182334347  0.960704074456  101.914104243  20.9672901022  105.418586217  0  0  0
p228  d=3.0  m=2.51688353915e-08
  0.247762300713  0.00137024389767  0.533654565764  28.3733414658  92.7986994255  266.564055193  0  0  0
p229  d=3.0  m=2.51688353915e-08
  0.250164271388  0.00656056877276  0.408459397247  269.9336783  196.444669959  60.1963141859  0  0  0
p230  d=3.0  m=3.34540300763e-08
  0.249022582504  0.00455315031073  0.108339100153  109.296221678  235.134353852  35.1441570542  0  0  0
p231  d=3.0  m=3.34540300763e-08
  0.250038476005  0.00295220490487  0.587957310934  271.29614053  344.70522302  332.057238506  0  0  0
p232  d=3.0  m=3.34540300763e-08
  0.278460480805  0.00640437158993  0.798478919348  239.428004485  171.961012872  199.545057785  0  0  0
p233  d=3.0  m=3.34540300763e-08
  0.258629386115  0.00606728476979  0.20344009356  168.849584748  293.296827031  333.255772338  0  0  0
p234  d=3.0  m=3.34540300763e-08
  0.266051568335  0.0035169834417  0.542692551237  153.205896637  114.173115359  202.939153368  0  0  0
p235  d=3.0  m=3.34540300763e-08
  0.263049915498  0.00614904643714  0.928893391552  322.34716293  103.838367844  131.043934615  0  0  0
p236  d=3.0  m=3.34540300763e-08
  0.278004585869  0.00373500286762  0.410972976818  287.304384315  25.4741699686  237.851060317  0  0  0
p237  d=3.0  m=3.34540300763e-08
  0.252896932665  0.000533994849899  0.984788664508  141.335202659  122.623030953  98.8859141197  0  0  0
p238  d=3.0  m=3.34540300763e-08
  0.274259746201  0.0089032920285  0.989137558453  337.169620256  255.017510649  328.787681351  0  0  0
p239  d=3.0  m=3.34540300763e-08
  0.277276572482  0.00950562725635  0.647266154924  333.429989264  337.145186721  345.471047614  0  0  0
p240  d=3.0  m=3.30121964357e-08
  0.280318248977  0.00767374475183  0.46527571625  124.31900318  32.6769668287  172.102133114  0  0  0
p241  d=3.0  m=3.30121964357e-08
  0.29337530062  0.00466754608713  0.654907125006  208.84291469  115.053829716  178.364613616  0  0  0
p242  d=3.0  m=3.30121964357e-08
  0.299615085103  0.00201802871546  0.309624241204  46.5067827716  264.832152203  0.88968339112  0  0  0
p243  d=3.0  m=3.30121964357e-08
  0.295497288993  0.00784833945827  0.849037107105  253.167120733  225.375043317  274.576601563  0  0  0
p244  d=3.0  m=3.30121964357e-08
  0.303352944324  0.000504682132772  0.603170452919  145.888801826  144.043665883  339.877249999  0  0  0
p245  d=3.0  m=3.30121964357e-08
  0.302001537241  0.00676741707942  0.889880525794  140.209203287  250.296053632  73.6647408523  0  0  0
p246  d=3.0  m=3.30121964357e-08
  0.300366385054  0.00315501797015  0.950190141047  297.877076976  60.8396133303  129.578690785  0  0  0
p247  d=3.0  m=3.30121964357e-08
  0.281852056567  0.00652065205063  0.271867898207  340.72330164  125.285214954  312.988323222  0  0  0
p248  d=3.0  m=3.30121964357e-08
  0.278714223697  0.00180998192757  0.120790568314  150.208416106  28.0175174358  70.6182294826  0  0  0
p249  d=3.0  m=3.30121964357e-08
  0.297888338152  0.000623810054192  0.941905345402  329.560579407  126.910870283  217.165720273  0  0  0
p250  d=3.0  m=3.01288263752e-08
  0.326827958441  0.00183045279684  0.588671382768  141.798638377  77.4605621129  208.708372852  0  0  0
p251  d=3.0  m=3.01288263752e-08
  0.311012934882  0.00747042859201  0.978088032219  21.2925061216  132.087815908  240.739327073  0  0  0
p252  d=3.0  m=3.01288263752e-08
  0.301930235134  0.000919376401421  0.419632049305  322.132499537  119.681616712  19.429416803  0  0  0
p253  d=3.0  m=3.01288263752e-08
  0.325315346156  0.00783055655053  0.190063042537  59.8793490753  16.4564483148  113.6330517  0  0  0
p254  d=3.0  m=3.01288263752e-08
  0.315826867021  0.000593810612202  0.945269741989  32.3485765826  273.417310416  126.928897437  0  0  0
p255  d=3.0  m=3.01288263752e-08
  0.323641998298  9.23108551466e-05  0.254974749582  349.799569327  155.674700152  296.611571397  0  0  0
p256  d=3.0  m=3.01288263752e-08
  0.300125688317  0.000276474626468  0.529744125512  16.4212343187  106.359334602  278.827076496  0  0  0
p257  d=3.0  m=3.01288263752e-08
  0.329488106964  0.00169887028058  0.646710791518  283.364467618  125.562818753  16.1317451001  0  0  0
p258  d=3.0  m=3.01288263752e-08
  0.323453146804  0.00746758544061  0.718604460872  106.475177407  87.2771688193  331.359653572  0  0  0
p259  d=3.0  m=3.01288263752e-08
  0.317394984632  0.00574429055137  0.209044329081  143.545478292  157.601074063  148.767036291  0  0  0
p260  d=3.0  m=3.59918868561e-08
  0.364108475365  0.00461827608962  0.437818008988  107.344718875  86.8713331936  137.360729902  0  0  0
p261  d=3.0  m=3.59918868561e-08
  0.363167691213  0.00225922602711  0.0662438814322  13.2107699588  197.240196912  115.251921457  0  0  0
p262  d=3.0  m=3.59918868561e-08
  0.360235429697  0.00546650613692  0.218745413077  295.981881471  302.042595996  256.912317216  0  0  0
p263  d=3.0  m=3.59918868561e-08
  0.339264241767  0.0022921322994  0.228101155435  357.08305755  153.820869845  252.366154486  0  0  0
p264  d=3.0  m=3.59918868561e-08
  0.360573420193  0.00630455386692  0.725246754909  123.226208555  220.719452244  205.876378303  0  0  0
p265  d=3.0  m=3.59918868561e-08
  0.352469742632  0.00747843198098  0.354098905898  195.614348121  230.013820959  45.2455831737  0  0  0
p266  d=3.0  m=3.59918868561e-08
  0.340842799804  0.00370161473601  0.647801922208  29.8696439231  118.021112608  221.70463105  0  0  0
p267  d=3.0  m=3.59918868561e-08
  0.359496399191  0.00354292789303  0.107088365443  185.9297043  339.962677337  29.8586339947  0  0  0
p268  d=3.0  m=3.59918868561e-08
  0.361553044343  0.00421842705749  0.339073405774  278.90634101  25.8700867384  105.57596843  0  0  0
p269  d=3.0  m=3.59918868561e-08
  0.327075228386  0.00546329905839  0.749834277998  138.975627532  233.319082517  91.4773983282  0  0  0
p270  d=3.0  m=2.93413826482e-08
  0.357988117169  0.000703431498116  0.0095885071359  249.487692353  227.69069768  328.989251232  0  0  0
p271  d=3.0  m=2.93413826482e-08
  0.380996337492  0.0038000782566  0.650336759195  32.723757189  21.391944182  339.52979889  0  0  0
p272  d=3.0  m=2.93413826482e-08
  0.378816495763  0.00989677802148  0.50121595369  251.753869666  4.58805201271  341.397973367  0  0  0
p273  d=3.0  m=2.93413826482e-08
  0.362578712927  0.0090561845224  0.683721000574  201.844385587  138.445061725  333.515880685  0  0  0
p274  d=3.0  m=2.93413826482e-08
  0.36618637162  0.000238078606301  0.417079694522  19.2529143191  30.8782231409  110.984732753  0  0  0
p275  d=3.0  m=2.93413826482e-08
  0.361234956097  0.00776247495564  0.371289025198  195.867919752  179.38104135  40.827403436  0  0  0
p276  d=3.0  m=2.93413826482e-08
  0.361876350677  0.00859348831952  0.672922957665  222.534236512  288.518752042  11.332013256  0  0  0
p277  d=3.0  m=2.93413826482e-08
  0.382410307449  0.000347355446402  0.537448584461  262.822237885  304.098018444  70.877843544  0  0  0
p278  d=3.0  m=2.93413826482e-08
  0.3802130093  0.00259359598762  0.157819624359  41.1553301154  320.673938823  249.687638333  0  0  0
p279  d=3.0  m=2.93413826482e-08
  0.389733876367  9.8317107344e-05  0.700968293269  130.989767726  141.982299155  351.597719585  0  0  0
p280  d=3.0  m=5.18669853545e-08
  0.436744064935  0.00275273092059  0.247532546692  305.151382836  94.2397358996  107.577898902  0  0  0
p281  d=3.0  m=5.18669853545e-08
  0.418571155584  0.00962770999633  0.790960025781  270.174419951  348.772658872  92.9223490943  0  0  0
p282  d=3.0  m=5.18669853545e-08
  0.443413960057  0.00371108550446  0.560783409058  113.670728745  112.443724973  314.658677741  0  0  0
p283  d=3.0  m=5.18669853545e-08
  0.3798695485  0.00893065836706  0.744606691795  199.067982659  142.514326319  103.406063993  0  0  0
p284  d=3.0  m=5.18669853545e-08
  0.419747872183  0.00530836311317  0.704375746868  26.9762454607  248.109741174  204.177026465  0  0  0
p285  d=3.0  m=5.18669853545e-08
  0.396807193337  0.00640018993218  0.451501876146  277.016907352  240.020584885  192.177936136  0  0  0
p286  d=3.0  m=5.18669853545e-08
  0.379569880769  0.00512227976861  0.662827122026  197.8527551  250.85779627  108.817844182  0  0  0
p287  d=3.0  m=5.18669853545e-08
  0.403876283524  0.008484017199  0.0157043494046  69.638247321  200.63360563  277.279763179  0  0  0
p288  d=3.0  m=5.18669853545e-08
  0.419978003956  0.0089968772774  0.501850644455  176.917139819  285.136300375  181.24511522  0  0  0
p289  d=3.0  m=5.18669853545e-08
  0.37651974008  0.00449182439606  0.141878969741  155.560731676  280.435016808  68.5667324954  0  0  0
p290  d=3.0  m=3.60188309516e-08
  0.460990851471  0.00832666220583  0.546387322236  346.391245645  205.423265229  351.924951381  0  0  0
p291  d=3.0  m=3.60188309516e-08
  0.463063407525  0.00510979834417  0.503537427867  107.614982827  352.875198729  39.5294275029  0  0  0
p292  d=3.0  m=3.60188309516e-08
  0.454280762258  0.00827989024246  0.899912721747  329.185461437  73.7798121573  234.277224204  0  0  0
p293  d=3.0  m=3.60188309516e-08
  0.44533006627  0.00268049008887  0.455832484122  310.137784901  52.554177744  297.576975111  0  0  0
p294  d=3.0  m=3.60188309516e-08
  0.464974849033  0.00273620902393  0.58684981986  316.161079356  84.2269961889  225.093668021  0  0  0
p295  d=3.0  m=3.60188309516e-08
  0.459981810206  0.00621577505423  0.175974915903  316.28272681  250.414713751  183.579926451  0  0  0
p296  d=3.0  m=3.60188309516e-08
  0.448522468405  0.0063497032766  0.182240060376  144.12109726  94.7289212305  304.882849272  0  0  0
p297  d=3.0  m=3.60188309516e-08
  0.474800562439  0.00200819302473  0.955634556472  190.05866322  323.790964825  336.299405753  0  0  0
p298  d=3.0  m=3.60188309516e-08
  0.459036626305  0.00178842139307  0.327077059181  142.227746132  24.2971723323  5.69239413596  0  0  0
p299  d=3.0  m=3.60188309516e-08
  0.476605378621  0.00715530000956  0.445827163304  154.37882574  221.713286914  171.735647607  0  0  0
p300  d=3.0  m=5.32437709395e-08
  0.465595376047  0.00404144359555  0.114999696782  116.23281528  319.708702738  308.071997402  0  0  0
p301  d=3.0  m=5.32437709395e-08
  0.498222705153  0.00730764332828  0.399128622304  128.189030346  95.1237505473  49.5803935116  0  0  0
p302  d=3.0  m=5.32437709395e-08
  0.482437076724  0.00995452446522  0.348530716378  59.026953873  273.545397952  324.431235365  0  0  0
p303  d=3.0  m=5.32437709395e-08
  0.504086746444  0.00622890589653  0.573495608052  259.184364296  350.272684055  53.7821987786  0  0  0
p304  d=3.0  m=5.32437709395e-08
  0.49811091285  0.00760816360651  0.114311949187  251.073237698  265.093147941  296.943054473  0  0  0
p305  d=3.0  m=5.32437709395e-08
  0.519075393598  0.00559438277174  0.713921135308  42.3954949664  259.55924329  44.1202141781  0  0  0
p306  d=3.0  m=5.32437709395e-08
  0.515273199299  0.00519867978978  0.801864704458  93.0795848759  125.520712235  58.0723260079  0  0  0
p307  d=3.0  m=5.32437709395e-08
  0.539903242332  0.00215241888769  0.176976156428  238.503397104  162.781058528  168.087213273  0  0  0
p308  d=3.0  m=5.32437709395e-08
  0.507605174514  0.00759226014568  0.241442992513  214.649529645  12.1681328128  92.456527006  0  0  0
p309  d=3.0  m=5.32437709395e-08
  0.531948638135  0.000293577022246  0.602541292941  311.830209044  145.656636569  251.785331863  0  0  0
p310  d=3.0  m=4.89411076123e-08
  0.561735292128  0.00731339309962  0.567388718052  24.6377750086  291.348060604  0.0347655107738  0  0  0
p311  d=3.0  m=4.89411076123e-08
  0.56507947285  0.00177394397413  0.912433196738  53.499561225  249.287707786  63.0680798008  0  0  0
p312  d=3.0  m=4.89411076123e-08
  0.568793746623  0.00514492878594  0.176435371606  30.3829752315  37.4045008693  208.717655473  0  0  0
p313  d=3.0  m=4.89411076123e-08
  0.54168160231  0.00625037758989  0.355304706085  316.350119844  298.98580098  287.248372724  0  0  0
p314  d=3.0  m=4.89411076123e-08
  0.555603068088  0.0022486309428  0.917379351085  9.81106544609  41.1790807188  15.2320819983  0  0  0
p315  d=3.0  m=4.89411076123e-08
  0.528393287682  0.00314994764577  0.880617064319  294.08934684  290.981784029  158.886718891  0  0  0
p316  d=3.0  m=4.89411076123e-08
  0.572860763133  0.0018792614943  0.148952038863  172.533180363  2.70594334239  224.767996892  0  0  0
p317  d=3.0  m=4.89411076123e-08
  0.53465374856  0.00276762110477  0.263250312948  174.970200714  311.538357179  161.575748693  0  0  0
p318  d=3.0  m=4.89411076123e-08
  0.571208313751  0.0062197212673  0.34974287473  57.2415065527  27.4846822251  116.862992051  0  0  0
p319  d=3.0  m=4.89411076123e-08
  0.581781929599  0.00661281391809  0.48537978176  260.723298723  326.760733157  7.76613486739  0  0  0
p320  d=3.0  m=6.26242327109e-08
  0.649639777945  0.00889502119234  0.739944829606  79.5694484458  208.727609918  322.999625462  0  0  0
p321  d=3.0  m=6.26242327109e-08
  0.572817241626  0.00158094835914  0.61852353505  309.186473753  105.611171942  289.354385413  0  0  0
p322  d=3.0  m=6.26242327109e-08
  0.636410162879  0.0021877693007  0.376818878175  130.684316268  22.5845150249  111.105703044  0  0  0
p323  d=3.0  m=6.26242327109e-08
  0.667416699136  0.00408260988063  0.550866044512  128.580833213  93.1065312977  287.325054099  0  0  0
p324  d=3.0  m=6.26242327109e-08
  0.613905110252  0.00603126234717  0.594040643232  137.016305671  72.8454585811  340.865148907  0  0  0
p325  d=3.0  m=6.26242327109e-08
  0.66661146326  0.00555890442305  0.78372655602  183.621954162  212.035891694  316.502900471  0  0  0
p326  d=3.0  m=6.26242327109e-08
  0.610689316311  0.00144565982255  0.957340689551  165.613471086  324.78185487  180.220690833  0  0  0
p327  d=3.0  m=6.26242327109e-08
  0.60156988288  0.00191664095277  0.382839713852  161.946502032  95.7238446433  283.942437877  0  0  0
p328  d=3.0  m=6.26242327109e-08
  0.663150028117  0.00754023320006  0.680636934619  311.939143  20.3198960436  327.581460371  0  0  0
p329  d=3.0  m=6.26242327109e-08
  0.670240325405  0.00597809772949  0.550015724634  203.743514904  268.685613663  263.728150516  0  0  0
p330  d=3.0  m=4.53660162806e-08
  0.722423997539  0.00221187691603  0.455803585585  320.88111136  358.20309386  337.776301393  0  0  0
p331  d=3.0  m=4.53660162806e-08
  0.729622592739  0.00830993544668  0.174811908962  225.980455406  273.133192444  295.519165026  0  0  0
p332  d=3.0  m=4.53660162806e-08
  0.665102005056  0.00161496701197  0.663609733978  128.35925585  268.932153631  56.4259087846  0  0  0
p333  d=3.0  m=4.53660162806e-08
  0.728985341892  0.00555447792985  0.624538771882  125.662995913  44.99058536  319.07631226  0  0  0
p334  d=3.0  m=4.53660162806e-08
  0.695959539423  0.00920082978027  0.151654986381  152.223411069  341.339880621  151.588068747  0  0  0
p335  d=3.0  m=4.53660162806e-08
  0.731098565474  0.00403684768442  0.869345264464  243.587642103  0.969716789647  153.269625102  0  0  0
p336  d=3.0  m=4.53660162806e-08
  0.683985795612  0.00526751107798  0.134004793836  243.562616913  272.537939198  347.158898271  0  0  0
p337  d=3.0  m=4.53660162806e-08
  0.683923202878  0.00171620349574  0.549994796196  240.714700657  14.7607546601  345.8706829  0  0  0
p338  d=3.0  m=4.53660162806e-08
  0.725828133137  0.00778684544889  0.92172600639  130.764348495  153.754813162  290.027094896  0  0  0
p339  d=3.0  m=4.53660162806e-08
  0.692233348503  0.00621609468852  0.409066336438  264.017085522  60.541879128  67.2246264991  0  0  0
p340  d=3.0  m=7.19885333401e-08
  0.72275072773  0.00785306698699  0.821150024505  170.826417753  185.23099291  346.359090151  0  0  0
p341  d=3.0  m=7.19885333401e-08
  0.764620882407  0.00459312099358  0.645820364243  305.888471022  152.333998301  143.265668506  0  0  0
p342  d=3.0  m=7.19885333401e-08
  0.745195348012  0.000488600549602  0.162112545327  231.375246116  306.046123913  274.743679314  0  0  0
p343  d=3.0  m=7.19885333401e-08
  0.785051037708  0.00902383495968  0.807505948961  61.1491861802  84.1597514239  136.789285331  0  0  0
p344  d=3.0  m=7.19885333401e-08
  0.707553749123  0.00812179935335  0.287537035055  216.056302016  260.899077097  64.9916258055  0  0  0
p345  d=3.0  m=7.19885333401e-08
  0.801133702059  0.0085298403074  0.360176571636  248.287553514  101.252638768  128.75319894  0  0  0
p346  d=3.0  m=7.19885333401e-08
  0.791193531868  0.00218575632834  0.200377691042  292.232344464  8.05485720298  32.1030418247  0  0  0
p347  d=3.0  m=7.19885333401e-08
  0.723923475705  0.00916487178801  0.744582222233  217.129657636  207.443116802  130.703932333  0  0  0
p348  d=3.0  m=7.19885333401e-08
  0.800975193174  0.00236684022922  0.595107890498  130.276178781  279.21777263  195.429749054  0  0  0
p349  d=3.0  m=7.19885333401e-08
  0.786920285587  0.00351871360126  0.966114224827  280.626820944  172.685836557  268.278340674  0  0  0
p350  d=3.0  m=5.0448858587e-08
  0.844034690265  0.00238986402497  0.867696731022  197.233036877  188.602522557  97.6628767848  0  0  0
p351  d=3.0  m=5.0448858587e-08
  0.835827630153  0.00182178716224  0.481864651147  231.530776586  96.6320951838  131.460397811  0  0  0
p352  d=3.0  m=5.0448858587e-08
  0.844003702033  0.009122247809  0.44861734793  355.485173057  62.0041347033  292.675938338  0  0  0
p353  d=3.0  m=5.0448858587e-08
  0.838793107804  0.00245428425472  0.921234110844  198.373334281  105.945047773  236.117752388  0  0  0
p354  d=3.0  m=5.0448858587e-08
  0.809949872355  0.0089126095301  0.0981845538501  231.290122198  173.663544535  263.813311961  0  0  0
p355  d=3.0  m=5.0448858587e-08
  0.867301077971  0.00339744723575  0.521951847363  103.627659832  290.503828754  112.860596191  0  0  0
p356  d=3.0  m=5.0448858587e-08
  0.834072215844  0.00127801307132  0.365878314361  67.4271807856  344.851664857  85.047982607  0  0  0
p357  d=3.0  m=5.0448858587e-08
  0.853373195218  0.00825593561588  0.525707168453  246.63910005  24.0168767682  0.429460795132  0  0  0
p358  d=3.0  m=5.0448858587e-08
  0.868085337537  0.00170139902644  0.770064295388  323.879668256  6.20345338422  9.62317270649  0  0  0
p359  d=3.0  m=5.0448858587e-08
  0.890032470766  0.00378148069473  0.0966944699544  128.265916199  104.691124195  165.138989119  0  0  0
p360  d=3.0  m=8.04625518979e-08
  0.915210599095  0.00681609615533  0.207647513522  172.53272778  230.966937775  356.663594838  0  0  0
p361  d=3.0  m=8.04625518979e-08
  0.925704947105  0.00553395348019  0.753689521592  302.930176099  182.887399534  11.6547371954  0  0  0
p362  d=3.0  m=8.04625518979e-08
  0.987401968594  0.00379383858239  0.170689628717  25.421487508  340.28672649  239.154206127  0  0  0
p363  d=3.0  m=8.04625518979e-08
  0.971254815164  0.0074213394058  0.24662945419  7.7152904771  35.2864054715  49.8841290565  0  0  0
p364  d=3.0  m=8.04625518979e-08
  0.9295835129  0.00512565738102  0.68742631705  77.000516552  166.627699195  106.336873833  0  0  0
p365  d=3.0  m=8.04625518979e-08
  0.962990582844  0.000738982848154  0.520554856447  14.7013732105  142.631004732  244.191667532  0  0  0
p366  d=3.0  m=8.04625518979e-08
  0.969053348647  0.00186412145417  0.95693425874  95.9570652586  65.9244609422  230.640603216  0  0  0
p367  d=3.0  m=8.04625518979e-08
  0.962703351282  0.00062140970292  0.834709381797  189.261574509  238.570775622  207.345918311  0  0  0
p368  d=3.0  m=8.04625518979e-08
  0.967238235948  0.00460416498729  0.420763462631  161.685913409  100.820867072  196.022274247  0  0  0
p369  d=3.0  m=8.04625518979e-08
  0.871523425628  0.00114247909593  0.431230080697  94.77435134  191.652301724  24.4051186231  0  0  0
