
  0                0                  0               0              0              0              0  0  0
  0.0521566301584  0.000349369430045  0.540521651243  208.882966452  349.780400934  212.448438579  0  0  0
  0.0586361268257  0.00623935034866  0.883460384648  300.229696519  260.12625845  52.6192794268  0  0  0
  0.0656826439455  0.00845376560953  0.937295577849  101.661783639  8.08604431812  299.424485204  0  0  0
  0.0749100313978  0.00708294469525  0.58048488309  213.523638836  345.881403031  358.398671311  0  0  0
  0.0865427939175  0.00496189867607  0.719343243021  313.67542012  229.772200819  52.0285879751  0  0  0
  0.100093791469  0.00704598420814  0.415765632136  289.392779546  248.874776552  339.533209907  0  0  0
  0.117959498179  0.00713429511739  0.636464289851  163.549672206  359.010501456  6.92474561224  0  0  0
  0.139543740553  0.00801341642122  0.358089363986  255.102801971  213.219764994  62.7941829285  0  0  0
  0.165136643075  0.000339339771901  0.988093226436  227.006797741  115.552607713  329.366401155  0  0  0
  0.194601667973  0.00790212623815  0.505219045698  213.199298887  56.1525797303  49.0229180364  0  0  0
  0.226080826031  0.00992122310898  0.691161862394  40.4829155913  136.159568162  47.5183986904  0  0  0
  0.267717106187  0.00405558101282  0.169119636974  324.87259133  166.410092954  315.9726551  0  0  0
  0.330159276909  0.00169583886771  0.362371606475  203.44717144  155.453849464  237.013614254  0  0  0
  0.411049278585  0.000897950087649  0.0274521170758  181.485555505  278.377357597  227.557455373  0  0  0
  0.493700866404  0.00796330025331  0.306650799418  136.021838733  240.448530949  338.452452691  0  0  0
  0.623027378151  0.00245826484702  0.699005030622  63.4706301645  150.60010145  128.707270296  0  0  0
  0.81691364743  0.00612483137662  0.90989627838  19.8059291832  166.491403047  147.382396943  0  0  0
  1.09769667485  0.00746408414512  0.0585046080947  167.671635166  1.96335621903  169.285223258  0  0  0
  0.0521141819826  0.000787839392732  0.323887110067  88.2398205156  270.106544628  194.982441215  0  0  0
  0.0482863644193  0.00300821632347  0.558233217513  94.3188293102  276.15607643  94.2514631669  0  0  0
  0.0539026244031  0.00986605919238  0.622418759412  200.200763107  263.652916403  139.64818389  0  0  0
  0.055111469673  0.00948662696002  0.455208808052  236.401186648  335.789302747  111.163674779  0  0  0
  0.0492374562832  0.0013896045395  0.969752903686  349.048996442  21.2951290684  44.6393656444  0  0  0
  0.054575912139  0.00138106303761  0.890616116978  165.407201838  3.67238958178  70.926841436  0  0  0
  0.0507136882206  0.00441570791732  0.0453808749085  310.922614401  196.169014508  350.282521197  0  0  0
  0.0500391122054  0.00824367873205  0.711207366055  274.286168193  354.516719511  284.378133705  0  0  0
  0.0515034181191  0.00330384358653  0.160517249555  188.792981506  41.6231199833  68.0622350845  0  0  0
  0.0595825329691  0.00163219718636  0.824129280591  280.339273013  300.490773214  340.336704047  0  0  0
  0.0555237023589  0.00974211607519  0.456308090409  359.008883906  334.473024608  80.3254976479  0  0  0
  0.056037750249  0.00362656820883  0.128991824908  160.434744623  131.73365036  299.224252976  0  0  0
  0.0552527349209  0.00535839793031  0.954251705959  130.455167362  281.483940654  127.253625681  0  0  0
  0.0603321850962  0.00865402878762  0.658951497007  320.966750067  294.072230334  12.7934190473  0  0  0
  0.0546706091096  0.00569013735504  0.870686706837  353.161657068  210.725776524  337.829193806  0  0  0
  0.0612879271533  0.0031521271944  0.235785132241  252.997500893  195.876288173  318.313503391  0  0  0
  0.0569591526539  0.00649705115915  0.353903192138  199.146826191  330.592615378  356.941660117  0  0  0
  0.0566262096459  0.000518105841069  0.217753943559  199.41163986  181.760832618  73.5975881305  0  0  0
  0.0584537378212  0.00573088734848  0.952079347942  90.6477526849  282.838365209  64.4998176738  0  0  0
  0.070348304099  0.00349981191885  0.068291087039  47.7659737821  228.335711803  15.1838401265  0  0  0
  0.0692828942475  0.00624724699416  0.626255724045  300.657649254  283.175044758  146.571640963  0  0  0
  0.0671516536876  0.00734858671613  0.586019080353  43.5980874671  323.245743868  250.0391485  0  0  0
  0.0660040976349  0.00773168073176  0.772796221917  153.639511697  252.282443907  65.868966219  0  0  0
  0.0623048025338  0.00460851256899  0.509033959461  69.8115529992  250.506852695  7.95822685099  0  0  0
  0.0709009222057  0.00394694084484  0.999663450597  63.4873953837  28.4995155841  278.575964558  0  0  0
  0.0686395412115  0.00512856890846  0.397933576908  279.575100862  12.1490746158  349.576627335  0  0  0
  0.0683712755691  0.00908354389005  0.895204167777  289.36726992  58.8223167199  4.41307698803  0  0  0
  0.0619657507901  0.00440005569487  0.382783165056  113.806255586  346.964633736  60.2035221896  0  0  0
  0.064410442134  0.00571353667606  0.482778777511  94.7937307256  63.8362963257  217.049270239  0  0  0
  0.0717524966911  0.0098657630153  0.230211700837  200.657998806  228.392900653  232.291073699  0  0  0
  0.0796871112901  0.00771973081663  0.832231769361  140.833035523  26.2399018669  83.0521134151  0  0  0
  0.0748642469087  0.000932411898256  0.276624810577  121.427972297  187.449347518  18.2522644159  0  0  0
  0.0692249753061  0.00285431668409  0.61308364563  282.029923377  358.396689957  225.653237985  0  0  0
  0.0813777717104  0.00822466915689  0.721587446871  346.779407191  243.650663363  34.3227868971  0  0  0
  0.0791558037624  0.0052044899876  0.291168993915  227.4708282  231.428081776  147.147326904  0  0  0
  0.0777906383042  0.00628991591082  0.710855535085  170.379332673  242.195001751  55.120136508  0  0  0
  0.0727990822235  0.00496916516052  0.132525436676  239.604256105  338.482539226  83.092147478  0  0  0
  0.0809428217904  0.00534700158787  0.0554495111791  72.1869185418  200.403543319  261.666217577  0  0  0
  0.0682526621918  0.00160938035299  0.200106242313  9.29981613425  117.383960495  205.223038792  0  0  0
  0.0844705195812  0.00133953750088  0.678892493268  22.2405904786  117.527892562  114.810119626  0  0  0
  0.086812304883  0.000230536377801  0.888465978308  245.204390918  88.7769040909  18.2041593445  0  0  0
  0.0934542972455  0.00496939663558  0.243107649189  173.086951783  70.6929448058  293.888437536  0  0  0
  0.0873798527354  0.00781859324127  0.362191963372  120.425639661  49.836938487  82.3015258664  0  0  0
  0.0858752133811  0.009545295249  0.00545767693808  123.287919406  304.656378803  217.617028845  0  0  0
  0.0913661054617  0.00367288423567  0.678675145363  307.746663896  73.533250541  324.996567626  0  0  0
  0.0786597352591  0.00848227281215  0.28294643275  83.5944142544  212.765150359  165.085364604  0  0  0
  0.0817951725559  0.000145042309212  0.257524761216  269.286599767  239.403994135  75.8126111732  0  0  0
  0.0817380808455  0.000376674013824  0.209668310885  267.649161989  148.471053974  126.875778567  0  0  0
  0.089622061419  0.00480608602169  0.397446415687  249.330134799  135.920670392  207.763348599  0  0  0
  0.104575389459  0.00219822767422  0.904554588943  339.389505794  3.46836255762  355.382920693  0  0  0
  0.106250478573  0.00214510382811  0.632444707647  58.9525602173  11.5357617512  186.571155136  0  0  0
  0.109162467607  0.00281839875431  0.141463346755  276.90728297  19.8210187262  106.223359424  0  0  0
  0.106502182894  0.00184028316919  0.16615248383  275.432011279  231.585393504  259.733507049  0  0  0
  0.107372666461  0.00789938729904  0.617307289567  97.6016281066  312.041090122  167.294386317  0  0  0
  0.106999127817  0.0053675062571  0.640740341864  48.5574234726  143.531816907  42.1591826874  0  0  0
  0.0936010569053  0.00278878654594  0.64657653053  328.999174915  329.719719269  135.039805458  0  0  0
  0.0930393919792  0.00587614392506  0.125322773227  266.944191836  250.56066361  83.8719054939  0  0  0
  0.105487803825  0.00444629709245  0.390463574096  183.635558269  275.535593382  106.504911593  0  0  0
  0.090947188865  0.00266753015038  0.562437228544  151.822833395  189.024325456  71.7648778946  0  0  0
  0.112452623132  0.00295772378871  0.147089057065  225.866826912  160.670755554  25.3236741428  0  0  0
  0.105224772381  0.00322550838314  0.872996641527  319.712294954  190.09448105  54.1742710917  0  0  0
  0.128174886831  0.00606731531601  0.669750221713  104.738893623  45.3469678124  159.11222833  0  0  0
  0.128723231717  0.00291884651251  0.685979060097  6.31129554124  240.385127567  252.466249335  0  0  0
  0.113798104917  0.00821043669155  0.243290873654  15.5898639012  167.409791484  66.6053771036  0  0  0
  0.117412243624  0.00947897285821  0.343582850723  66.0351947527  118.150885543  164.003548932  0  0  0
  0.109803137422  0.00485482002292  0.949606040341  231.908773421  96.1458416653  29.8518689813  0  0  0
  0.123910957422  0.00737491733667  0.697510368701  295.319057108  51.2625834942  139.000231692  0  0  0
  0.112588346422  0.00474996720302  0.220547893895  70.7319543239  1.69705141439  134.976193347  0  0  0
  0.118255024708  0.00726874765305  0.453543502757  351.628114673  285.561025743  26.8185748651  0  0  0
  0.140249979455  0.00138275933123  0.654167102085  29.556509799  247.800282634  79.812433087  0  0  0
  0.128880852664  0.0081314334759  0.699331253187  271.091247178  74.5572380674  244.303323237  0  0  0
  0.14789440834  0.00145242634304  0.339976920134  37.3793060715  192.720606442  8.19550703218  0  0  0
  0.145652195343  0.00140486312741  0.696728597476  347.856279571  161.233340554  176.48359561  0  0  0
  0.1427283395  0.00153727206305  0.628431494601  192.832515173  175.832060238  114.333168871  0  0  0
  0.145358010009  0.00606900416057  0.0589827981244  192.521985243  282.712819598  242.058714428  0  0  0
  0.151435617547  0.00660153643171  0.833218403618  327.377320594  281.720230649  359.857945857  0  0  0
  0.135785181834  0.00085597958362  0.54356041726  248.389745673  71.0817470846  216.325955005  0  0  0
  0.128220009723  0.000632451047875  0.552410676271  146.160672616  60.4876148018  170.568828076  0  0  0
  0.137311038802  0.0059742199385  0.420145617499  133.970555324  198.525632299  8.10725521784  0  0  0
  0.175400543547  0.00232453403163  0.0182419196871  87.3789868025  320.55595835  294.787650444  0  0  0
  0.168968573628  0.00847920346347  0.107638054671  329.808020941  101.712701877  358.91083534  0  0  0
  0.152979098946  0.00487111974563  0.39197753403  23.0576931808  249.998332099  298.530156698  0  0  0
  0.172753640835  0.00628753819045  0.651365972072  247.016318613  347.110375105  335.203955325  0  0  0
  0.180935075616  0.00489738729674  0.143433003438  58.0273038851  319.837797869  309.416076367  0  0  0
  0.17098051624  0.00828443625269  0.656867522038  105.82559341  349.952528936  23.478188358  0  0  0
  0.156555888515  0.00236354218838  0.629630907315  119.779356515  68.9933569438  145.533731413  0  0  0
  0.148736933509  0.00253609191537  0.977122862984  272.98581392  345.338999443  82.84331403  0  0  0
  0.160084286166  0.00714580423008  0.14324885642  129.794012196  139.425781568  104.4297541  0  0  0
  0.151452309925  0.00640997553219  0.378657783427  305.685687312  8.59716157552  346.225409615  0  0  0
  0.19410175254  0.00642168463009  0.290906294271  129.633844418  58.9779304416  61.6316536337  0  0  0
  0.183935344059  0.00456360267276  0.497374130037  130.025853029  359.17692762  349.512732339  0  0  0
  0.19008531155  0.00349220619454  0.877034541365  110.993489866  126.81348438  130.9266053  0  0  0
  0.194048332137  0.00204952339676  0.54879892853  58.4836993488  180.806391519  262.5704822  0  0  0
  0.190845209594  0.00643873266254  0.770111465285  192.559784479  61.1703467022  151.680690048  0  0  0
  0.194951201167  0.00623364757623  0.0795857573315  199.833322024  96.2707875368  156.042076975  0  0  0
  0.200181472028  0.00867000650725  0.832692747318  12.6797870157  236.781979944  181.281043027  0  0  0
  0.18678750763  0.000335536151966  0.682016993119  113.078365374  159.46616067  258.300962109  0  0  0
  0.207584562785  0.0037781831536  0.502507922374  190.32824295  358.357203742  303.223242701  0  0  0
  0.210725425108  0.0039363777068  0.335255923701  178.796370071  304.416641532  272.044928547  0  0  0
  0.249622375391  0.00144090687897  0.789805184423  309.447196353  121.615414147  11.1321226061  0  0  0
  0.238934980035  0.00170079412172  0.148583125158  23.214282317  278.66896077  235.709403681  0  0  0
  0.249999765218  0.00136733220334  0.111397844329  214.38174612  4.44415529948  107.962781222  0  0  0
  0.208683865032  0.00693906692483  0.239156437769  353.405332244  175.585916043  55.3876655253  0  0  0
  0.208230654284  0.00121065792368  0.756567187045  73.8406307  189.128359353  247.806036444  0  0  0
  0.244853095552  0.00773609262407  0.62581758125  92.7725451549  184.851957818  127.102968568  0  0  0
  0.216998559186  0.00625677235603  0.515757682097  208.413904297  172.72666885  102.327284534  0  0  0
  0.22982990624  0.00210143172698  0.117799538229  13.4784572199  21.4339601566  144.464113682  0  0  0
  0.242591612935  0.00179376722325  0.165055688683  137.082876059  64.8459429258  302.37257856  0  0  0
  0.225935085981  0.00574340770323  0.283481123003  5.82344851694  211.116438388  50.4611395  0  0  0
  0.245889723076  0.00534947881929  0.57840635636  139.672125676  145.915007241  324.099509681  0  0  0
  0.237065918915  0.00814554370171  0.518690606558  154.651238238  345.098571605  328.216915776  0  0  0
  0.250678143536  0.00291638064668  0.0884096800353  60.5697616523  191.098954044  143.603734641  0  0  0
  0.299049160447  0.00669341251147  0.400059614502  238.830151275  251.096850559  186.200505676  0  0  0
  0.241170638427  0.00431094629893  0.0181375972988  358.85050192  253.93610325  202.507416857  0  0  0
  0.287444204081  0.0090883761301  0.514533616186  181.024140469  206.689881464  23.780020109  0  0  0
  0.261101599033  0.00504158754678  0.303564439013  341.351853102  103.094653969  221.720740831  0  0  0
  0.253490294562  0.00490212591423  0.448108663829  242.754619214  137.079745708  174.551852886  0  0  0
  0.292714190824  0.0044890369019  0.831624400877  214.733754201  266.470036509  272.228129254  0  0  0
  0.258021960651  0.00288542830736  0.246726487725  334.43916164  206.740831832  253.474463825  0  0  0
  0.31779495113  0.00606683257503  0.131384520514  356.19950935  318.036904266  24.7180896187  0  0  0
  0.310225121753  0.00537007733166  0.965529376136  86.3455880232  127.498653259  324.525463173  0  0  0
  0.326777507174  0.00459296997125  0.418754227736  92.9920855417  63.2857435159  351.407833043  0  0  0
  0.277941164899  0.00319845628738  0.774270556735  159.09346847  131.462793072  311.604360956  0  0  0
  0.275865930048  0.00958544314073  0.766440735166  91.5024075619  254.097308977  0.129539994768  0  0  0
  0.355204027557  0.00243944360808  0.259502355476  143.036694421  196.152987094  212.843539904  0  0  0
  0.310992277406  0.00614359030844  0.194579181871  175.726934534  29.0459278715  340.777000203  0  0  0
  0.277049189204  0.00141741379699  0.0261563022993  106.762753582  250.674962327  170.742629386  0  0  0
  0.336731877883  0.00664625957028  0.975653488376  26.5307663878  9.92040018093  66.0382420086  0  0  0
  0.353467644637  0.00790433517521  0.198857251808  262.051016919  120.673581954  202.270344659  0  0  0
  0.378156507688  0.00240720743191  0.664705123332  167.935137382  237.758363295  231.59793727  0  0  0
  0.446083231457  0.00426707666444  0.238808888334  41.6179074804  203.627951567  331.233151035  0  0  0
  0.417404110864  0.000413899002341  0.84106161956  222.649693347  112.050111898  160.325209502  0  0  0
  0.447197719754  0.00219411692875  0.111446246641  328.588246982  334.605632592  268.550619104  0  0  0
  0.429532370236  0.00220482359515  0.357159796523  223.954433501  273.849113799  146.301480241  0  0  0
  0.409012015649  0.000412485899677  0.905144874743  19.0480938612  37.98736612  16.6699150497  0  0  0
  0.396741617849  0.00104015132875  0.135082405754  159.793176873  320.662650122  350.736903605  0  0  0
  0.443938335825  0.00153988357506  0.521275970989  77.7892885638  23.793808661  167.771272043  0  0  0
  0.408611255394  0.00977145797246  0.756495756853  41.6952126821  245.033989762  327.166584584  0  0  0
  0.409547587909  0.00530309167756  0.778063672808  325.816064313  232.572115883  12.3863629016  0  0  0
  0.451040172412  0.001001571255  0.156520613687  166.274419579  51.6279911931  313.297726384  0  0  0
  0.486949377037  0.0057052746831  0.504073339488  99.7654337898  88.6331697994  186.991001078  0  0  0
  0.560655871044  0.00310207373487  0.464617831249  326.863065737  134.084170158  106.174530329  0  0  0
  0.446166180624  0.00175683417832  0.634497417269  106.974873145  133.411620135  153.595739408  0  0  0
  0.487689361478  0.001077405186  0.920320309336  313.153770954  249.36713429  43.5008084439  0  0  0
  0.418926474517  0.00611434700253  0.980240675071  348.658133653  206.416650254  309.899295205  0  0  0
  0.492354634951  0.00915154147922  0.388756004481  270.434017284  350.693680972  268.523659742  0  0  0
  0.514301468968  0.00679524571216  0.573839022869  267.581859307  220.782293883  318.349093338  0  0  0
  0.554965441639  0.00859113767314  0.16497414358  36.0401643558  316.544508467  120.893626088  0  0  0
  0.531229411195  0.00313294077738  0.947734449946  210.481143025  353.716131502  279.614642159  0  0  0
  0.605750444878  0.00990068453754  0.830973053633  89.9200710002  319.17201442  226.451196691  0  0  0
  0.688011050749  0.00784203136067  0.748144625928  114.208657244  221.501159906  127.380356134  0  0  0
  0.618340895671  0.00186280177428  0.709628305674  174.715427419  122.198793813  288.00265427  0  0  0
  0.629223140339  0.00813689747914  0.220556156655  26.6135281355  289.234284028  310.527857216  0  0  0
  0.693128939149  0.00918797695887  0.312035486826  58.6802758425  71.5070534268  335.278193401  0  0  0
  0.681772549368  0.00138215815714  0.341161163458  79.2810832778  300.169436485  100.650015081  0  0  0
  0.538815602838  0.0079102367993  0.316285599134  227.929035139  335.363680081  73.5287701781  0  0  0
  0.589493959168  0.00816079436878  0.27978344965  214.65841736  335.487532436  291.385289459  0  0  0
  0.707062076228  0.00484165207667  0.521711855867  72.411920435  95.6913058889  128.383066746  0  0  0
  0.569520292957  0.00274404788518  0.289107335736  349.39962653  214.605645991  275.772938443  0  0  0
  0.66291037784  0.00736802286473  0.251833250972  320.138943962  47.9978304484  6.94276915623  0  0  0
  0.961903860902  0.00597080556008  0.259117476399  226.062235339  308.749677873  177.842715615  0  0  0
  0.968102451709  0.00182395548936  0.481419063208  30.0547823732  32.0813871007  186.787086233  0  0  0
  0.7477631683  0.0043139741162  0.0902737106914  264.052802733  324.662549081  126.068839524  0  0  0
  0.780357646533  0.000570015920135  0.640436014572  123.289257113  196.109631447  91.173458371  0  0  0
  0.82970974512  0.00693019058144  0.787635872846  89.3234776573  52.7652050828  69.3358663432  0  0  0
  0.887874194241  0.006583415234  0.125165798822  359.431301789  63.3570621949  336.066546626  0  0  0
  0.949636852733  0.00787498404935  0.188419142454  346.791071216  181.312461627  119.003935492  0  0  0
  0.653141377877  0.00179884746382  0.646701208755  234.435714244  231.180313009  141.905630809  0  0  0
  0.754010603408  0.00142180472049  0.131075924961  201.080489663  20.4633682154  233.123538944  0  0  0
  0.939202287268  0.0037743020497  0.217487540317  292.960773572  154.832874063  336.450733594  0  0  0
  0.981823227115  0.00701990257933  0.727181749486  164.040645129  252.448902446  264.464124046  0  0  0
  1.00560929142  0.0027532048378  0.620480804113  48.6580361021  82.5034501621  262.427729108  0  0  0
  0.984265511271  0.00507235194677  0.274550759036  149.072149342  120.60395758  71.7697105922  0  0  0
  1.26377112056  0.00150747728174  0.947139001624  256.347103925  200.76273706  224.876513084  0  0  0
  1.05554704882  0.00866408569333  0.350532856143  282.305626  346.181134819  124.818576659  0  0  0
  1.14094757905  0.00668555389583  0.0638382297048  13.5005390367  352.157331136  319.145089741  0  0  0
  0.919764634512  0.00142806486753  0.968042914489  245.736189845  19.8851573457  86.5333945468  0  0  0
  1.23283435169  0.00735418126402  0.0769838102436  287.013371612  153.002100314  42.9176050721  0  0  0
  0.916229907953  0.00952273865406  0.304058247974  71.8194664913  7.86935313633  81.3504906882  0  0  0
