)0+_06 Small-body initial data (WARNING: Do not delete this line!!)
)-------------------------------------------------------
style = Asteroid
epoch=0
e00  d=3.0  m=9.13326135987e-07
  0.0521566301584  0.000349369430045  0.540521651243  208.882966452  349.780400934  212.448438579  0  0  0
e01  d=3.0  m=8.65351563104e-07
  0.0586361268257  0.00623935034866  0.883460384648  300.229696519  260.12625845  52.6192794268  0  0  0
e02  d=3.0  m=1.02405292312e-06
  0.0656826439455  0.00845376560953  0.937295577849  101.661783639  8.08604431812  299.424485204  0  0  0
e03  d=3.0  m=1.34301114958e-06
  0.0749100313978  0.00708294469525  0.58048488309  213.523638836  345.881403031  358.398671311  0  0  0
e04  d=3.0  m=1.32555781403e-06
  0.0865427939175  0.00496189867607  0.719343243021  313.67542012  229.772200819  52.0285879751  0  0  0
e05  d=3.0  m=1.67756355567e-06
  0.100093791469  0.00704598420814  0.415765632136  289.392779546  248.874776552  339.533209907  0  0  0
e06  d=3.0  m=1.94062201807e-06
  0.117959498179  0.00713429511739  0.636464289851  163.549672206  359.010501456  6.92474561224  0  0  0
e07  d=3.0  m=2.01970542938e-06
  0.139543740553  0.00801341642122  0.358089363986  255.102801971  213.219764994  62.7941829285  0  0  0
e08  d=3.0  m=2.37820607628e-06
  0.165136643075  0.000339339771901  0.988093226436  227.006797741  115.552607713  329.366401155  0  0  0
e09  d=3.0  m=2.07874780546e-06
  0.194601667973  0.00790212623815  0.505219045698  213.199298887  56.1525797303  49.0229180364  0  0  0
e10  d=3.0  m=2.54623689724e-06
  0.226080826031  0.00992122310898  0.691161862394  40.4829155913  136.159568162  47.5183986904  0  0  0
e11  d=3.0  m=3.10336448616e-06
  0.267717106187  0.00405558101282  0.169119636974  324.87259133  166.410092954  315.9726551  0  0  0
e12  d=3.0  m=4.921787355e-06
  0.330159276909  0.00169583886771  0.362371606475  203.44717144  155.453849464  237.013614254  0  0  0
e13  d=3.0  m=3.38107041306e-06
  0.411049278585  0.000897950087649  0.0274521170758  181.485555505  278.377357597  227.557455373  0  0  0
e14  d=3.0  m=5.20710275039e-06
  0.493700866404  0.00796330025331  0.306650799418  136.021838733  240.448530949  338.452452691  0  0  0
e15  d=3.0  m=6.57702278923e-06
  0.623027378151  0.00245826484702  0.699005030622  63.4706301645  150.60010145  128.707270296  0  0  0
e16  d=3.0  m=9.25880503465e-06
  0.81691364743  0.00612483137662  0.90989627838  19.8059291832  166.491403047  147.382396943  0  0  0
e17  d=3.0  m=9.94612268737e-06
  1.09769667485  0.00746408414512  0.0585046080947  167.671635166  1.96335621903  169.285223258  0  0  0
