
  0.0511209711432  0.00646862765106  0.556494938811  74.0761416862  327.892004496  265.109138622  0  0  0
  0.0543563205077  0.00705957720441  0.452726130969  4.15421675305  117.768029284  273.663111696  0  0  0
  0.0576124879693  0.00581079559353  0.212470363389  94.0428569388  308.247707002  81.5856743578  0  0  0
  0.0613990916517  0.00304068527364  0.59960743636  65.2225148205  152.862179599  279.249263412  0  0  0
  0.0649901890525  0.00885547056801  0.779250430447  101.135228743  101.757668412  151.618972288  0  0  0
  0.0682754463921  0.00888487316128  0.5628988587  145.552944908  186.297005635  5.58520375821  0  0  0
  0.0718825474164  0.00842883482597  0.486720537259  173.212439494  253.072427331  29.6684407562  0  0  0
  0.0759639401321  0.00985559928048  0.886043493292  229.993283476  144.349086636  45.0528555481  0  0  0
  0.0800827698978  0.00761887350143  0.811273898701  234.85918852  164.483665664  286.811004969  0  0  0
  0.0856031169904  0.00490913033938  0.430340136061  54.2566806832  1.07313191249  318.507962797  0  0  0
  0.091943210543  0.00678225501491  0.718886427846  153.560563862  147.875447625  323.951280945  0  0  0
  0.0969853324418  0.0085868365513  0.851084195584  2.78346015036  91.7201713392  212.519380598  0  0  0
  0.103206183836  0.00823300043284  0.889823024197  199.579573939  325.975862754  31.2698361067  0  0  0
  0.112081868377  0.000237274313537  0.388372730774  334.185795592  25.909630789  45.2916900846  0  0  0
  0.12083622507  0.00918234370986  0.0472663240691  14.9583264433  184.227054598  281.487442081  0  0  0
  0.129574291449  0.00138394253356  0.715550961785  8.25955137968  98.5660452067  303.694751093  0  0  0
  0.139273724646  0.0029806738253  0.198656823228  170.358498625  335.640277434  240.00313535  0  0  0
  0.149234938087  0.00057763479621  0.385821677993  337.474639583  213.79682459  142.996398767  0  0  0
  0.1614046215  0.000915880283852  0.429155974406  193.042826482  196.990602923  193.812572242  0  0  0
  0.173156217779  0.00454815732344  0.922461276962  198.748527107  143.599880444  112.954560857  0  0  0
  0.186186061917  0.00439986845185  0.409504089307  354.488371292  238.443533318  134.959117043  0  0  0
  0.205741555967  0.00856937013942  0.0613571094864  320.086441911  247.184569297  199.79747397  0  0  0
  0.227149380651  0.00569127298259  0.440451350351  87.6176991031  171.890937732  268.393902642  0  0  0
  0.248680543329  0.00121002763845  0.980647513737  66.9184015817  217.820027216  40.3222548618  0  0  0
  0.267403388381  0.00413881255207  0.55814171066  302.122491202  349.330803433  55.1059743306  0  0  0
  0.287451998687  0.00151755481668  0.212528016125  126.37678645  59.4598654782  29.3932104778  0  0  0
  0.315051625447  0.00878642129711  0.675521220398  251.143257289  256.075969013  205.602653089  0  0  0
  0.348048380302  0.000142098427744  0.892287287146  161.674107267  36.2149460605  275.452199284  0  0  0
  0.379004910236  0.00503828093417  0.12741252691  33.7184349088  158.93115142  19.9124220138  0  0  0
  0.410047691418  0.000326603093846  0.490047651672  165.781941998  313.803592856  326.446381814  0  0  0
  0.448622323278  0.00791079002492  0.234935546847  110.810425748  44.3934251851  3.3720516426  0  0  0
  0.508268500198  0.00822125960388  0.544176549312  46.8080223108  315.567400399  59.4424617998  0  0  0
  0.578428617583  0.00071210197493  0.717233067034  314.587956565  125.262693947  37.0777938273  0  0  0
  0.65024202267  0.00465854658735  0.465861208471  34.5264339062  247.712235893  253.640038533  0  0  0
  0.726571687018  0.00902850016149  0.340622101291  356.513246137  95.4193542744  149.51340213  0  0  0
  0.828598221676  0.00173033834523  0.533429406457  91.3300009198  235.027719392  23.1297562055  0  0  0
  0.926169790273  0.00659196622936  0.812041497619  233.31649485  112.080645898  76.1614566144  0  0  0
  1.02303675036  0.00178986318451  0.239552541622  115.807897321  89.9675415031  247.440324872  0  0  0
