)0+_06 Small-body initial data (WARNING: Do not delete this line!!)
)-------------------------------------------------------
style = Asteroid
p000  d=3.0  m=9.59072202729e-09
  0.0527531879417  0.00834517068959  0.554607645617  37.2370860238  126.471803127  227.698407963  0  0  0
p001  d=3.0  m=9.59072202729e-09
  0.0519263777345  0.0026899921392  0.0181977293159  43.8195550561  222.235161128  245.509778711  0  0  0
p002  d=3.0  m=9.59072202729e-09
  0.0532494652001  0.00327553454897  0.885392135231  75.2175388323  353.874615631  177.181463834  0  0  0
p003  d=3.0  m=9.59072202729e-09
  0.0527782361138  0.00482530443936  0.614690126111  292.395346486  139.545981473  185.142205583  0  0  0
p004  d=3.0  m=9.59072202729e-09
  0.0521216414166  0.00847322377318  0.71003111636  359.988817612  136.497088128  137.749026345  0  0  0
p005  d=3.0  m=9.59072202729e-09
  0.0488843667942  0.00383452673511  0.145048380633  223.676209624  251.383030678  142.377584504  0  0  0
p006  d=3.0  m=9.59072202729e-09
  0.0518380771211  0.00285610512179  0.144898709703  254.858538679  234.138151996  279.569608689  0  0  0
p007  d=3.0  m=9.59072202729e-09
  0.0503843803438  0.00847964691594  0.994377124585  316.307955216  117.304707213  62.2346717939  0  0  0
p008  d=3.0  m=9.59072202729e-09
  0.0523372238473  0.00335440034129  0.160034327774  137.041825946  241.20101102  264.231999776  0  0  0
p009  d=3.0  m=9.59072202729e-09
  0.0510311224844  0.00865940900824  0.846888576516  49.4575714154  255.952696103  179.421906461  0  0  0
p010  d=3.0  m=8.24203379503e-09
  0.0535230610699  0.00647430011588  0.95146752342  192.290681731  147.711647526  287.629759584  0  0  0
p011  d=3.0  m=8.24203379503e-09
  0.0555005771612  0.000595943078305  0.328959402845  110.924477223  52.8302772401  54.9545641819  0  0  0
p012  d=3.0  m=8.24203379503e-09
  0.0560327948169  0.00580939898468  0.405855385246  150.316127301  232.138931859  193.95584605  0  0  0
p013  d=3.0  m=8.24203379503e-09
  0.0532990245854  0.00538443819886  0.644661683353  256.289487368  268.383781127  122.139600599  0  0  0
p014  d=3.0  m=8.24203379503e-09
  0.0544643374347  0.00638185232796  0.936163187288  73.3530678329  284.565593112  267.874188584  0  0  0
p015  d=3.0  m=8.24203379503e-09
  0.0539698078377  0.00983568638474  0.134119122844  176.29079967  355.223855924  205.611266119  0  0  0
p016  d=3.0  m=8.24203379503e-09
  0.0533676584914  0.00556562416346  0.6226915462  279.579345486  290.969913806  319.429428926  0  0  0
p017  d=3.0  m=8.24203379503e-09
  0.0541742369861  0.00835724853409  0.913748225206  207.793675486  126.513729139  171.938189898  0  0  0
p018  d=3.0  m=8.24203379503e-09
  0.0562551034346  0.00598957368154  0.282466906406  345.531214729  66.5474653712  10.4782426244  0  0  0
p019  d=3.0  m=8.24203379503e-09
  0.0539032402692  0.00818701182084  0.996655788976  270.665865975  276.356341654  212.916553188  0  0  0
p020  d=3.0  m=1.02303123472e-08
  0.0576348465858  0.000460919799  0.489239853183  348.764439977  341.517248845  125.527055017  0  0  0
p021  d=3.0  m=1.02303123472e-08
  0.0586020571488  0.00473096502622  0.12703000122  347.162082762  233.05472075  35.0663288069  0  0  0
p022  d=3.0  m=1.02303123472e-08
  0.0566039344426  0.00427055552661  0.130939907665  303.706662341  224.609548703  49.4087079458  0  0  0
p023  d=3.0  m=1.02303123472e-08
  0.0597611951606  0.00504725652151  0.166458955987  144.541664058  43.963851286  108.437673902  0  0  0
p024  d=3.0  m=1.02303123472e-08
  0.0582395776785  0.00490399752317  0.974602071925  227.664176124  294.257922257  167.034611113  0  0  0
p025  d=3.0  m=1.02303123472e-08
  0.0558843929865  0.00766337179733  0.403446399825  316.53930995  345.272831216  86.4401106727  0  0  0
p026  d=3.0  m=1.02303123472e-08
  0.0579628563619  0.00513272194553  0.721885170451  292.589773587  156.880374099  166.095033293  0  0  0
p027  d=3.0  m=1.02303123472e-08
  0.0594691519985  0.00942703077696  0.403150302966  247.9160448  13.8264223681  348.765980629  0  0  0
p028  d=3.0  m=1.02303123472e-08
  0.0568062273389  0.00730188447589  0.287073903881  8.15415446407  190.604242975  86.6466984512  0  0  0
p029  d=3.0  m=1.02303123472e-08
  0.0566518370746  0.00975157986007  0.924602527039  145.385769518  264.972358233  28.6740083122  0  0  0
p030  d=3.0  m=9.74829840901e-09
  0.0634669758681  0.00159237156254  0.43057460626  211.543507435  59.6214032431  89.2039319394  0  0  0
p031  d=3.0  m=9.74829840901e-09
  0.0634936723085  0.00245953332049  0.31019526059  240.716119829  320.723212376  203.249223839  0  0  0
p032  d=3.0  m=9.74829840901e-09
  0.0629485774753  0.00940257774012  0.309986452146  160.323533121  298.973350482  10.5798771689  0  0  0
p033  d=3.0  m=9.74829840901e-09
  0.0603949672042  0.00761572054007  0.886097655466  347.770225803  122.426242143  301.498393194  0  0  0
p034  d=3.0  m=9.74829840901e-09
  0.0635086173429  0.00643840478068  0.88385887192  349.634606108  157.589802311  23.7028978319  0  0  0
p035  d=3.0  m=9.74829840901e-09
  0.0602773525013  0.00214472016609  0.888228311194  188.954675295  285.031664453  251.5370465  0  0  0
p036  d=3.0  m=9.74829840901e-09
  0.0600172984968  0.000674419343017  0.615404485893  214.435312047  134.564829132  101.756390239  0  0  0
p037  d=3.0  m=9.74829840901e-09
  0.0618819897248  0.00411123012548  0.654086900998  235.95940942  161.458451614  16.3809395978  0  0  0
p038  d=3.0  m=9.74829840901e-09
  0.0591566142406  0.00642396182809  0.497349225345  202.245691919  50.5504445469  328.937771703  0  0  0
p039  d=3.0  m=9.74829840901e-09
  0.0603243637225  0.00665450227727  0.319191891455  333.850935809  44.6449029128  345.350730662  0  0  0
p040  d=3.0  m=8.29879957565e-09
  0.0660147637763  0.00994924123362  0.402562468542  14.3898110439  200.613389394  219.431868293  0  0  0
p041  d=3.0  m=8.29879957565e-09
  0.0628038027672  0.00191683484755  0.550075434305  204.219567671  135.840009165  267.282734461  0  0  0
p042  d=3.0  m=8.29879957565e-09
  0.0663809775087  0.00572683362744  0.225263426433  116.408641311  109.360215419  229.308962757  0  0  0
p043  d=3.0  m=8.29879957565e-09
  0.0652993653785  0.00611833320916  0.235265706379  264.472651551  40.6980288184  253.505032942  0  0  0
p044  d=3.0  m=8.29879957565e-09
  0.0646206905789  0.000370560110414  0.0989505329005  32.2861033374  171.776703639  294.533445398  0  0  0
p045  d=3.0  m=8.29879957565e-09
  0.066642107512  0.000731209834464  0.646945638077  271.209168817  137.210464579  155.747229779  0  0  0
p046  d=3.0  m=8.29879957565e-09
  0.0655842825126  0.0078858662384  0.210691364108  45.3890398796  268.781654232  60.6708382009  0  0  0
p047  d=3.0  m=8.29879957565e-09
  0.0640793439287  0.00213999167786  0.597426735293  150.256866768  124.898691892  358.48635798  0  0  0
p048  d=3.0  m=8.29879957565e-09
  0.0662366215462  0.000823001599745  0.222232661971  302.256204814  67.8334002008  42.5133541606  0  0  0
p049  d=3.0  m=8.29879957565e-09
  0.0628138529826  0.00749431029745  0.255644729647  31.5514543988  13.0532925199  214.281688804  0  0  0
p050  d=3.0  m=8.12955916351e-09
  0.0687136996588  3.86123567736e-05  0.516730318126  339.517525079  43.3417208297  155.049150231  0  0  0
p051  d=3.0  m=8.12955916351e-09
  0.0691418847233  0.00627658676247  0.916932828724  298.537522439  57.3775168307  338.955423403  0  0  0
p052  d=3.0  m=8.12955916351e-09
  0.0704310521263  0.00458475937069  0.782986515117  142.537342843  15.1086003684  312.54615071  0  0  0
p053  d=3.0  m=8.12955916351e-09
  0.0664560143157  0.0086789899135  0.383396441178  107.505490145  124.784236316  295.731674832  0  0  0
p054  d=3.0  m=8.12955916351e-09
  0.0702668244824  0.000323984736992  0.792930299256  82.7665755693  188.444585245  91.1299615318  0  0  0
p055  d=3.0  m=8.12955916351e-09
  0.070076878136  0.00976164743073  0.0960450338706  301.077882152  9.57152993271  121.715015331  0  0  0
p056  d=3.0  m=8.12955916351e-09
  0.066373438456  0.00600670524923  0.971235996255  185.302347726  163.264739863  87.583705336  0  0  0
p057  d=3.0  m=8.12955916351e-09
  0.0680867464109  0.00735071781436  0.670904123901  309.956075214  225.876964646  202.616661627  0  0  0
p058  d=3.0  m=8.12955916351e-09
  0.0679274975054  0.00334218342851  0.292989030761  320.652161536  62.9549023817  243.791067431  0  0  0
p059  d=3.0  m=8.12955916351e-09
  0.0679651133667  0.00445675042337  0.353225170756  10.179901532  275.276228175  221.760522683  0  0  0
p060  d=3.0  m=1.01793765357e-08
  0.0702124363658  0.0053992737021  0.44352732052  106.871837945  224.114197181  97.7171813407  0  0  0
p061  d=3.0  m=1.01793765357e-08
  0.073903418495  0.00688274302135  0.479922363958  11.4215173022  128.929045626  271.663520683  0  0  0
p062  d=3.0  m=1.01793765357e-08
  0.0729943398956  0.0030576962932  0.463643460957  203.931424855  322.028926151  285.331150892  0  0  0
p063  d=3.0  m=1.01793765357e-08
  0.0700904388553  0.00109532141111  0.38677793803  170.448676771  8.19388254323  180.65649365  0  0  0
p064  d=3.0  m=1.01793765357e-08
  0.0739757178917  0.00517318541877  0.467483951797  47.8081935476  49.3907090658  151.780510506  0  0  0
p065  d=3.0  m=1.01793765357e-08
  0.0701945857885  0.00465743939245  0.731070671068  161.363196865  66.9948323895  3.52725756232  0  0  0
p066  d=3.0  m=1.01793765357e-08
  0.0717049049762  0.00594241478173  0.348886372329  333.089977792  273.336714044  140.035618657  0  0  0
p067  d=3.0  m=1.01793765357e-08
  0.0727256404398  0.0067624638151  0.469655657434  344.146214307  131.249465678  191.2359502  0  0  0
p068  d=3.0  m=1.01793765357e-08
  0.0745511025433  0.00683024578372  0.469932683072  12.2422632078  133.146277527  136.511116021  0  0  0
p069  d=3.0  m=1.01793765357e-08
  0.0704788075093  0.00239127678121  0.399406628786  323.428150366  83.8430038766  55.0369971157  0  0  0
p070  d=3.0  m=8.84166756877e-09
  0.0755151462591  0.00648100533234  0.457996039304  294.348040553  10.0273356576  149.043842108  0  0  0
p071  d=3.0  m=8.84166756877e-09
  0.0748201001146  0.00529713338961  0.639509855815  6.40972100712  258.461742141  245.902221639  0  0  0
p072  d=3.0  m=8.84166756877e-09
  0.0775366810203  0.00817812369178  0.165397934634  124.231479066  356.701373111  151.301941915  0  0  0
p073  d=3.0  m=8.84166756877e-09
  0.0738490816194  0.000828217448492  0.385028283317  151.644765978  27.9601902967  9.96442155636  0  0  0
p074  d=3.0  m=8.84166756877e-09
  0.0769483261189  0.0018820637655  0.116571712724  263.020710532  299.977948712  313.335384732  0  0  0
p075  d=3.0  m=8.84166756877e-09
  0.077418790812  0.00143765507382  0.574828711836  240.623810812  199.813834268  123.766150049  0  0  0
p076  d=3.0  m=8.84166756877e-09
  0.0782641925006  0.00425154681665  0.446127944531  203.263329698  91.0167479133  45.691466526  0  0  0
p077  d=3.0  m=8.84166756877e-09
  0.0741987122004  0.00916378523778  0.0576822094449  299.718987727  143.137338042  328.947694125  0  0  0
p078  d=3.0  m=8.84166756877e-09
  0.078411462175  0.00394300218078  0.204337826036  66.2256184257  16.7346500697  356.652247658  0  0  0
p079  d=3.0  m=8.84166756877e-09
  0.0762202387583  0.00655178848441  0.826414198433  41.6834152002  242.179514275  303.965326398  0  0  0
p080  d=3.0  m=1.09293133497e-08
  0.0776349059204  0.00282488861797  0.915557319007  343.637751817  327.359017689  115.821045107  0  0  0
p081  d=3.0  m=1.09293133497e-08
  0.0789636189583  0.00790753900173  0.387952256613  97.7008712553  89.191097515  354.548842715  0  0  0
p082  d=3.0  m=1.09293133497e-08
  0.078015817687  0.0098043281449  0.899567755912  122.028499826  74.0683901  33.9430633526  0  0  0
p083  d=3.0  m=1.09293133497e-08
  0.0779989916496  0.00178487618498  0.520629562617  25.4891551663  235.229973461  180.153618123  0  0  0
p084  d=3.0  m=1.09293133497e-08
  0.0778588817207  0.00134556594941  0.920351246559  289.992720465  351.2192589  129.383604904  0  0  0
p085  d=3.0  m=1.09293133497e-08
  0.0802835558165  0.00108745163689  0.826308501893  344.787305894  350.225544748  281.514926976  0  0  0
p086  d=3.0  m=1.09293133497e-08
  0.0772767980956  0.00352342082824  0.722914765293  350.402264167  148.952377428  274.740763345  0  0  0
p087  d=3.0  m=1.09293133497e-08
  0.0780787465205  0.00929657154455  0.474140658422  189.857890469  346.466515918  114.416716329  0  0  0
p088  d=3.0  m=1.09293133497e-08
  0.0798958870542  0.00466234932223  0.436142836161  146.844824928  209.398545272  105.546693136  0  0  0
p089  d=3.0  m=1.09293133497e-08
  0.0820174234414  0.00735208478756  0.260446629722  21.815185909  114.139809393  82.6346529624  0  0  0
p090  d=3.0  m=1.53572985519e-08
  0.0886806285495  0.00292388882486  0.375544227032  300.914717524  261.508653778  7.30477196611  0  0  0
p091  d=3.0  m=1.53572985519e-08
  0.087450422917  0.00498755252956  0.720864096688  44.285511493  49.2156508987  182.129752188  0  0  0
p092  d=3.0  m=1.53572985519e-08
  0.0831013527938  0.00735807515958  0.823204036133  52.0673164572  303.623201674  1.68815764807  0  0  0
p093  d=3.0  m=1.53572985519e-08
  0.084158696891  0.00384071515471  0.636446062005  202.624062505  302.374685364  189.19248157  0  0  0
p094  d=3.0  m=1.53572985519e-08
  0.0850604062826  0.00717498058944  0.294444984264  347.67938017  286.550024149  17.671437545  0  0  0
p095  d=3.0  m=1.53572985519e-08
  0.0861797380427  0.00738667490855  0.311419821623  261.456656697  134.850469274  296.633439034  0  0  0
p096  d=3.0  m=1.53572985519e-08
  0.0902341815545  0.00914186852814  0.695089363104  326.166386553  188.886938844  356.732505947  0  0  0
p097  d=3.0  m=1.53572985519e-08
  0.0830519735866  0.00984803984811  0.0465647368804  348.257696046  238.533434197  74.133665446  0  0  0
p098  d=3.0  m=1.53572985519e-08
  0.0862682179081  0.00162976351791  0.582875134167  144.299714239  307.382625455  111.857344081  0  0  0
p099  d=3.0  m=1.53572985519e-08
  0.0843548946058  0.000759169625863  0.940873649782  156.489306755  202.554755425  297.740992604  0  0  0
p100  d=3.0  m=1.0810708498e-08
  0.0903990704978  0.00145969788101  0.292408941222  22.2407624787  166.556579385  305.339935302  0  0  0
p101  d=3.0  m=1.0810708498e-08
  0.0890983961676  0.00683495683528  0.728948116567  13.9107579304  226.666145384  11.2041151176  0  0  0
p102  d=3.0  m=1.0810708498e-08
  0.0893193185697  0.0038366419181  0.362903484347  329.778443039  31.4590371649  274.416608872  0  0  0
p103  d=3.0  m=1.0810708498e-08
  0.0946422209284  0.00733384294038  0.708686033956  164.160933939  55.8324396072  65.5793770136  0  0  0
p104  d=3.0  m=1.0810708498e-08
  0.0940194664162  0.00561347769824  0.257065372392  335.367710485  282.557993132  256.67119873  0  0  0
p105  d=3.0  m=1.0810708498e-08
  0.0950947696343  0.00204668262593  0.524952246379  194.871531421  260.229134139  278.079097601  0  0  0
p106  d=3.0  m=1.0810708498e-08
  0.0901362600211  0.0079481868346  0.234633457394  322.008159029  260.916879202  91.4001927649  0  0  0
p107  d=3.0  m=1.0810708498e-08
  0.0921074274299  0.00836113782033  0.105041412958  94.3879878665  67.4096516694  346.514427527  0  0  0
p108  d=3.0  m=1.0810708498e-08
  0.0933035627687  0.0072162600498  0.46700140383  29.9749653595  12.8273592218  211.068230274  0  0  0
p109  d=3.0  m=1.0810708498e-08
  0.0927345965373  0.00715566628577  0.353455410755  188.915563241  155.883720855  237.651447902  0  0  0
p110  d=3.0  m=1.02452272912e-08
  0.0994040869591  0.00255895609605  0.234961114125  177.948047066  254.088519369  294.897749864  0  0  0
p111  d=3.0  m=1.02452272912e-08
  0.0957145822204  0.00228728903426  0.914269452267  68.9099066069  107.459008603  70.3019474789  0  0  0
p112  d=3.0  m=1.02452272912e-08
  0.0998012697985  0.00521905982635  0.227991338026  94.6383015341  222.371788158  32.8958066288  0  0  0
p113  d=3.0  m=1.02452272912e-08
  0.0938768126764  0.00959259393945  0.730281160734  255.100185239  234.234874597  73.7678164234  0  0  0
p114  d=3.0  m=1.02452272912e-08
  0.0973934496916  0.00669369789218  0.239822107747  227.505935157  223.464700318  202.911203169  0  0  0
p115  d=3.0  m=1.02452272912e-08
  0.0995650358453  0.00792828000975  0.688882991201  114.865611623  107.246773541  334.959421688  0  0  0
p116  d=3.0  m=1.02452272912e-08
  0.0956813561599  0.00259141327956  0.911986179014  287.221848946  169.305396566  74.1545428305  0  0  0
p117  d=3.0  m=1.02452272912e-08
  0.0951528071195  0.00370978304757  0.693890358648  332.136559466  173.095026096  266.072733774  0  0  0
p118  d=3.0  m=1.02452272912e-08
  0.0993682224347  0.005020150265  0.84029429322  214.61883854  24.0345726865  130.681980753  0  0  0
p119  d=3.0  m=1.02452272912e-08
  0.0936999904127  0.00333092335498  0.757603576273  317.131678675  23.4884664244  216.49399728  0  0  0
p120  d=3.0  m=1.75942840375e-08
  0.104912890605  0.00223376306847  0.0436627449606  336.857856819  158.498576832  243.205198221  0  0  0
p121  d=3.0  m=1.75942840375e-08
  0.0992685046498  0.00980063652244  0.188409791032  123.020536091  255.08467527  347.239759616  0  0  0
p122  d=3.0  m=1.75942840375e-08
  0.098951356879  0.0086679820341  0.175738176484  273.54579559  234.317281399  246.94434285  0  0  0
p123  d=3.0  m=1.75942840375e-08
  0.103949874384  0.00401336404044  0.467186424733  200.352284026  164.315150349  13.7358425478  0  0  0
p124  d=3.0  m=1.75942840375e-08
  0.106139862913  0.00536214668672  0.629261347672  100.73461912  5.51858456351  128.172104056  0  0  0
p125  d=3.0  m=1.75942840375e-08
  0.106689375  0.00141658708139  0.26159800855  293.358718828  19.012440922  61.0335764929  0  0  0
p126  d=3.0  m=1.75942840375e-08
  0.108464244697  0.00149750508828  0.552933136885  116.622704905  188.212466292  291.916989308  0  0  0
p127  d=3.0  m=1.75942840375e-08
  0.105376285369  0.00406700782174  0.807252680659  296.300310108  120.70621837  127.776531509  0  0  0
p128  d=3.0  m=1.75942840375e-08
  0.104626179426  0.00994956777544  0.228410214315  331.475016769  126.547796715  162.699390314  0  0  0
p129  d=3.0  m=1.75942840375e-08
  0.102489728893  0.00530528007956  0.253931793245  176.999926148  204.898180833  170.50943136  0  0  0
p130  d=3.0  m=1.7517235228e-08
  0.108170889058  0.00314872120516  0.0550114253544  23.3555290951  325.043307267  176.838320923  0  0  0
p131  d=3.0  m=1.7517235228e-08
  0.113406986051  0.0012517650392  0.0833497565893  239.394202058  227.176453921  341.374102101  0  0  0
p132  d=3.0  m=1.7517235228e-08
  0.112690396817  0.00865018316342  0.619268709675  319.90692308  278.2024452  348.707723524  0  0  0
p133  d=3.0  m=1.7517235228e-08
  0.114512144082  0.00702491330799  0.978273236826  2.49316803743  42.3976312142  88.1363980137  0  0  0
p134  d=3.0  m=1.7517235228e-08
  0.117871133811  0.00553807692444  0.66541925739  336.638465008  18.1701176424  242.043412511  0  0  0
p135  d=3.0  m=1.7517235228e-08
  0.113011102256  0.000679527042212  0.134958601552  305.829501425  204.141939799  73.4573423204  0  0  0
p136  d=3.0  m=1.7517235228e-08
  0.112132785357  0.00771517516277  0.119522696604  12.9962191288  227.024609728  207.519418187  0  0  0
p137  d=3.0  m=1.7517235228e-08
  0.111765055348  0.00764660960665  0.935592704964  247.567872676  160.073826408  283.398351167  0  0  0
p138  d=3.0  m=1.7517235228e-08
  0.106091611627  0.00966761553318  0.583733815144  85.2657368364  312.730873087  215.075568624  0  0  0
p139  d=3.0  m=1.7517235228e-08
  0.107690792639  0.00678426025504  0.984323308271  157.59348606  247.557776199  320.106631548  0  0  0
p140  d=3.0  m=1.49746779983e-08
  0.11868172431  0.000927780012027  0.652713115069  75.7972467479  348.62725232  70.9944271409  0  0  0
p141  d=3.0  m=1.49746779983e-08
  0.124931989684  0.0076500711088  0.537258032822  143.139740458  22.168293845  336.359453512  0  0  0
p142  d=3.0  m=1.49746779983e-08
  0.117060567803  0.000745818619674  0.767973281535  215.208729015  295.835015564  182.850233281  0  0  0
p143  d=3.0  m=1.49746779983e-08
  0.117320012367  0.00311744743925  0.828629979362  173.057497284  182.778578599  351.864023872  0  0  0
p144  d=3.0  m=1.49746779983e-08
  0.118989241768  0.00101530458768  0.0319787500589  344.732537706  275.399714955  307.381079394  0  0  0
p145  d=3.0  m=1.49746779983e-08
  0.119533951629  0.00711799635161  0.0530735356704  184.526593605  259.677312485  298.295085633  0  0  0
p146  d=3.0  m=1.49746779983e-08
  0.123604670398  0.00396682974135  0.469147828059  289.841097806  323.228164628  218.130846751  0  0  0
p147  d=3.0  m=1.49746779983e-08
  0.118257655418  0.00672135683425  0.40268781849  172.939569624  358.852982512  39.4952633567  0  0  0
p148  d=3.0  m=1.49746779983e-08
  0.126033405771  0.00786534663496  0.57520781402  325.797436329  348.321949385  133.376766077  0  0  0
p149  d=3.0  m=1.49746779983e-08
  0.116104573253  0.00983747927329  0.599615787309  77.6375021696  114.446835182  57.7180452544  0  0  0
p150  d=3.0  m=1.80363836833e-08
  0.130320100752  0.00259891400707  0.664739346592  359.835942668  212.178339018  191.681421028  0  0  0
p151  d=3.0  m=1.80363836833e-08
  0.134222003314  0.00214645183938  0.98474937283  262.474891915  59.4338907812  344.077552208  0  0  0
p152  d=3.0  m=1.80363836833e-08
  0.133565682576  0.00905278224022  0.9785327074  329.975644825  181.412974123  34.1261498936  0  0  0
p153  d=3.0  m=1.80363836833e-08
  0.130676818787  0.00576598818957  0.889703252684  287.663368267  116.699932734  50.2741829831  0  0  0
p154  d=3.0  m=1.80363836833e-08
  0.125923259665  0.00784412063105  0.488533681854  320.142571499  216.093129465  288.086532821  0  0  0
p155  d=3.0  m=1.80363836833e-08
  0.133617790332  0.00154347272375  0.629638724571  287.940313746  51.8863167897  47.2385276583  0  0  0
p156  d=3.0  m=1.80363836833e-08
  0.128399375086  0.00451471153315  0.35190075137  20.6208047634  198.920943263  287.400117543  0  0  0
p157  d=3.0  m=1.80363836833e-08
  0.124119036992  0.00401081653272  0.376840257149  334.221298711  245.516279731  22.9528946511  0  0  0
p158  d=3.0  m=1.80363836833e-08
  0.126537974274  0.00711065470364  0.230776438384  123.156443695  312.572182914  72.3907507905  0  0  0
p159  d=3.0  m=1.80363836833e-08
  0.125205171246  0.0020573431573  0.894083774961  300.618571977  163.185989256  26.3542894437  0  0  0
p160  d=3.0  m=1.54864917584e-08
  0.141311096371  0.00803437004346  0.365188365123  267.938668142  155.76945168  208.321419205  0  0  0
p161  d=3.0  m=1.54864917584e-08
  0.140520982856  0.00157235429419  0.879980261537  196.5808141  193.25031175  311.356325961  0  0  0
p162  d=3.0  m=1.54864917584e-08
  0.144497884451  0.0099853104511  0.492538881622  210.616241282  141.979834754  254.924118691  0  0  0
p163  d=3.0  m=1.54864917584e-08
  0.13374799338  0.00459484871118  0.090585873338  252.721856306  254.893735934  0.726436593206  0  0  0
p164  d=3.0  m=1.54864917584e-08
  0.14234338709  0.000719489476471  0.617298468186  304.536233323  355.209131503  210.049054119  0  0  0
p165  d=3.0  m=1.54864917584e-08
  0.133942075492  0.00453972652165  0.506103364418  158.82490489  120.599074042  76.6051304181  0  0  0
p166  d=3.0  m=1.54864917584e-08
  0.138314704411  0.00292671976531  0.648891512615  343.857669976  202.036582881  161.970686039  0  0  0
p167  d=3.0  m=1.54864917584e-08
  0.137822968658  0.000235578545506  0.614048813907  177.287032059  31.3286741368  221.166644779  0  0  0
p168  d=3.0  m=1.54864917584e-08
  0.140092375642  0.00347730745034  0.790377516456  314.062339125  99.0730226296  238.633660391  0  0  0
p169  d=3.0  m=1.54864917584e-08
  0.134434980018  0.00282856496747  0.887349354174  228.28787386  192.361052513  1.37999840777  0  0  0
p170  d=3.0  m=1.99581628004e-08
  0.148539737417  0.00530369280285  0.628166151398  169.705005012  41.3189746348  196.966542778  0  0  0
p171  d=3.0  m=1.99581628004e-08
  0.143195975478  0.00295680133922  0.690539525472  116.25571704  195.463967679  23.066888572  0  0  0
p172  d=3.0  m=1.99581628004e-08
  0.15317391748  0.00814983548212  0.0680487225112  41.2030237061  105.824735037  106.448929961  0  0  0
p173  d=3.0  m=1.99581628004e-08
  0.151443044111  0.00636513295139  0.890038445787  82.7537304453  36.4330120339  243.597655071  0  0  0
p174  d=3.0  m=1.99581628004e-08
  0.143417311677  0.00508802048712  0.247182022209  356.012383696  347.900529015  133.337187952  0  0  0
p175  d=3.0  m=1.99581628004e-08
  0.155015952201  0.00414915333314  0.695303252849  204.436236065  124.716258568  149.33848604  0  0  0
p176  d=3.0  m=1.99581628004e-08
  0.147485929781  0.000118902646566  0.686348931038  119.840188682  50.8530779439  271.590639408  0  0  0
p177  d=3.0  m=1.99581628004e-08
  0.146293197392  0.00880371059777  0.462054758871  231.572621529  250.476041387  45.9514900983  0  0  0
p178  d=3.0  m=1.99581628004e-08
  0.144727734295  0.00555210560242  0.378382342147  239.60348887  202.702208404  32.4185505203  0  0  0
p179  d=3.0  m=1.99581628004e-08
  0.152835766685  0.0024836763433  0.154104310968  70.2426480084  120.697909097  92.4078324102  0  0  0
p180  d=3.0  m=2.02140709419e-08
  0.161926584005  0.00214750745594  0.181621756103  249.860971085  355.698708074  317.94690181  0  0  0
p181  d=3.0  m=2.02140709419e-08
  0.155145207432  0.00314004278821  0.130581505874  148.710986293  21.4754053049  33.8087959484  0  0  0
p182  d=3.0  m=2.02140709419e-08
  0.15614355362  0.00250847007932  0.641822196315  63.5857451225  69.2545890074  294.631980169  0  0  0
p183  d=3.0  m=2.02140709419e-08
  0.156577500398  0.00421756162668  0.454651195139  171.130657792  211.203787195  193.26677149  0  0  0
p184  d=3.0  m=2.02140709419e-08
  0.156051696843  0.005302312958  0.342895972707  190.352352087  85.0305805635  97.4175993837  0  0  0
p185  d=3.0  m=2.02140709419e-08
  0.162784304361  0.0038968239233  0.544431456841  225.537379926  248.90672008  122.488833254  0  0  0
p186  d=3.0  m=2.02140709419e-08
  0.154311446214  0.00984812084479  0.219857190524  181.720673166  21.3229707979  287.066738288  0  0  0
p187  d=3.0  m=2.02140709419e-08
  0.163256192211  0.00293151434056  0.435211325062  245.799979744  17.6236752812  206.793682001  0  0  0
p188  d=3.0  m=2.02140709419e-08
  0.156825216822  0.00414404018738  0.459553447086  169.105670946  255.644774855  181.899443897  0  0  0
p189  d=3.0  m=2.02140709419e-08
  0.16452786604  0.00110324205676  0.37116351794  175.260860475  62.1756909069  38.2272907876  0  0  0
p190  d=3.0  m=1.55978223344e-08
  0.179108587774  0.00868898551421  0.0769559802509  195.320808843  297.331416534  204.231556215  0  0  0
p191  d=3.0  m=1.55978223344e-08
  0.175971960704  0.000380248457029  0.012081986569  92.0322483852  131.000095901  303.031156546  0  0  0
p192  d=3.0  m=1.55978223344e-08
  0.1784686696  0.00666858842479  0.674202927991  137.02144972  26.7899215136  259.133977556  0  0  0
p193  d=3.0  m=1.55978223344e-08
  0.179092113484  0.00536839073336  0.554655682852  221.031501471  50.068202672  177.967714609  0  0  0
p194  d=3.0  m=1.55978223344e-08
  0.17905438379  6.10210716606e-05  0.506768538438  342.367938126  181.109723919  311.657761053  0  0  0
p195  d=3.0  m=1.55978223344e-08
  0.169844738883  0.00402945670612  0.660885241528  211.608571044  253.817261879  67.6839115055  0  0  0
p196  d=3.0  m=1.55978223344e-08
  0.167307432687  0.000669995014946  0.0605292251802  133.194081329  22.5213522082  344.535341718  0  0  0
p197  d=3.0  m=1.55978223344e-08
  0.168277997035  0.0066708044984  0.702531221586  24.582348063  49.2013690477  37.3562745489  0  0  0
p198  d=3.0  m=1.55978223344e-08
  0.175508552273  0.00466622504552  0.338315559004  83.935423056  88.843352644  350.186328633  0  0  0
p199  d=3.0  m=1.55978223344e-08
  0.166500100251  0.000705428300219  0.189546979412  221.011271237  172.105826968  300.671668809  0  0  0
p200  d=3.0  m=2.83334315217e-08
  0.186760837872  0.00988045930519  0.760432701163  302.043643484  3.17095798399  59.0314738348  0  0  0
p201  d=3.0  m=2.83334315217e-08
  0.179420766791  0.00276903455522  0.519010894337  332.917388773  201.481709137  45.4746252973  0  0  0
p202  d=3.0  m=2.83334315217e-08
  0.176474520371  0.00975993279928  0.0504475872918  304.999505162  307.017194822  136.943317574  0  0  0
p203  d=3.0  m=2.83334315217e-08
  0.173873381599  0.00155589942965  0.425346173824  249.077969895  129.449414161  297.870916698  0  0  0
p204  d=3.0  m=2.83334315217e-08
  0.175857736783  0.00768056205824  0.109223628716  299.541876853  29.4035747754  332.946235691  0  0  0
p205  d=3.0  m=2.83334315217e-08
  0.178673781856  0.00208272760238  0.390205587389  13.0368391384  301.720269246  36.1587184526  0  0  0
p206  d=3.0  m=2.83334315217e-08
  0.187421958599  0.00234433936017  0.766444633443  33.6465047337  347.259112213  21.0737402006  0  0  0
p207  d=3.0  m=2.83334315217e-08
  0.192444837969  0.0057075580129  0.418289094348  26.2203979468  228.435940272  300.80277385  0  0  0
p208  d=3.0  m=2.83334315217e-08
  0.179334537706  0.00505669816032  0.761608890556  148.83701703  333.792375056  150.568780089  0  0  0
p209  d=3.0  m=2.83334315217e-08
  0.18545932747  0.00341025951616  0.190854117124  298.354099752  20.9349532044  181.166609214  0  0  0
p210  d=3.0  m=2.94920269812e-08
  0.217634358119  0.00080964119672  0.420231630502  96.4921468491  282.27562724  190.269046869  0  0  0
p211  d=3.0  m=2.94920269812e-08
  0.203208202601  0.00558317968155  0.898503532785  186.116196674  225.57681145  279.413776303  0  0  0
p212  d=3.0  m=2.94920269812e-08
  0.219141675777  0.00305782290722  0.987853440108  79.063517957  199.580803723  230.782747389  0  0  0
p213  d=3.0  m=2.94920269812e-08
  0.20102793173  0.00302943666431  0.475592506285  235.817738152  77.2786839407  108.616537033  0  0  0
p214  d=3.0  m=2.94920269812e-08
  0.197431136748  0.00600339168326  0.876535164795  299.753244035  184.258265604  86.4189513859  0  0  0
p215  d=3.0  m=2.94920269812e-08
  0.208140448094  0.00511999321249  0.386759772516  329.199198854  37.9704047175  132.661163982  0  0  0
p216  d=3.0  m=2.94920269812e-08
  0.201649406214  0.00634261774948  0.708937335792  71.9059211657  70.4137686842  137.017039931  0  0  0
p217  d=3.0  m=2.94920269812e-08
  0.192195218199  0.00828560332566  0.595031612025  155.480597488  108.693775053  203.260355946  0  0  0
p218  d=3.0  m=2.94920269812e-08
  0.206995344731  0.00249057053128  0.932893927746  220.098843414  298.209485848  63.5667204457  0  0  0
p219  d=3.0  m=2.94920269812e-08
  0.218072626361  0.00164324315569  0.939498425993  129.346344225  309.860486126  40.6831107765  0  0  0
p220  d=3.0  m=3.07568126952e-08
  0.222118736981  0.00896281852347  0.538964012448  121.641575374  10.7641874819  228.449169549  0  0  0
p221  d=3.0  m=3.07568126952e-08
  0.226730648291  0.00349877146605  0.649618479538  277.830723727  281.971247255  90.6963776208  0  0  0
p222  d=3.0  m=3.07568126952e-08
  0.22936875524  0.00258217171368  0.794073505281  293.400087388  285.369732363  341.425358277  0  0  0
p223  d=3.0  m=3.07568126952e-08
  0.230825479633  0.000788391351903  0.606228870207  119.827476392  247.230084988  282.764435046  0  0  0
p224  d=3.0  m=3.07568126952e-08
  0.21668585873  0.00993874104445  0.50589524716  58.4625690724  145.43248667  160.631114305  0  0  0
p225  d=3.0  m=3.07568126952e-08
  0.238769572425  0.00299378370259  0.812299609413  187.724763344  45.4970023794  357.266229531  0  0  0
p226  d=3.0  m=3.07568126952e-08
  0.224484983612  0.00383034189764  0.681913515767  182.191886455  251.496437246  154.029835635  0  0  0
p227  d=3.0  m=3.07568126952e-08
  0.240305440647  0.00611763444421  0.792163823341  69.5300725506  274.525978827  291.69555746  0  0  0
p228  d=3.0  m=3.07568126952e-08
  0.226811595126  0.00893744638511  0.726286738575  207.571980723  156.922399225  96.3812041918  0  0  0
p229  d=3.0  m=3.07568126952e-08
  0.241655039344  0.00313997566486  0.705042785206  185.822043202  270.793161899  305.940904185  0  0  0
p230  d=3.0  m=2.47308049246e-08
  0.259544165832  0.00382969130105  0.0271852251589  239.221701876  167.584799035  76.0507857873  0  0  0
p231  d=3.0  m=2.47308049246e-08
  0.250934717819  0.00791098991804  0.686902302117  315.758272855  230.577345061  310.790020424  0  0  0
p232  d=3.0  m=2.47308049246e-08
  0.241051420657  0.00666163607689  0.24108399245  330.065165521  144.918185194  337.556863509  0  0  0
p233  d=3.0  m=2.47308049246e-08
  0.258684197203  0.00056711279959  0.922647745745  227.464568724  49.009139048  24.5427917623  0  0  0
p234  d=3.0  m=2.47308049246e-08
  0.259858115576  0.00212925415227  0.692561240591  77.6770093645  4.90985087785  72.599337949  0  0  0
p235  d=3.0  m=2.47308049246e-08
  0.258048725354  0.00518544896779  0.740705808219  348.44900654  339.449531194  152.681191819  0  0  0
p236  d=3.0  m=2.47308049246e-08
  0.253951227139  0.00933199747405  0.782950607489  224.690247962  1.88923083337  268.336569491  0  0  0
p237  d=3.0  m=2.47308049246e-08
  0.251574818819  0.00757674095126  0.238367669127  260.604398694  33.5615167636  173.698393419  0  0  0
p238  d=3.0  m=2.47308049246e-08
  0.255751957203  0.000348673704872  0.894094914222  204.637408669  258.03893668  255.824521722  0  0  0
p239  d=3.0  m=2.47308049246e-08
  0.261282632857  0.007807887677  0.334338369876  12.8185879372  53.5808315364  257.416906512  0  0  0
p240  d=3.0  m=2.23398004023e-08
  0.268357149189  0.00249318196553  0.855860028101  108.693761133  45.8264616321  176.990684349  0  0  0
p241  d=3.0  m=2.23398004023e-08
  0.273592932873  0.00708299274955  0.322593444027  307.844197252  65.1420738821  327.713857958  0  0  0
p242  d=3.0  m=2.23398004023e-08
  0.278147830333  0.00425316033687  0.485916057931  107.206994219  210.857857703  176.742336375  0  0  0
p243  d=3.0  m=2.23398004023e-08
  0.257937231054  0.00878394250519  0.860220319068  128.214255199  338.648095512  144.485265728  0  0  0
p244  d=3.0  m=2.23398004023e-08
  0.268204205305  0.000240012275374  0.774716408005  93.7182953364  107.477257991  305.215906359  0  0  0
p245  d=3.0  m=2.23398004023e-08
  0.262366345758  0.00436438649339  0.148193737448  173.759196502  59.7988352694  247.355353973  0  0  0
p246  d=3.0  m=2.23398004023e-08
  0.262935182704  0.00783094488233  0.1157408788  50.3843221704  243.136768644  216.409168336  0  0  0
p247  d=3.0  m=2.23398004023e-08
  0.264125110239  0.00133712891569  0.213564713306  107.111086414  256.688320326  319.793460425  0  0  0
p248  d=3.0  m=2.23398004023e-08
  0.259027904326  0.0099755277557  0.325468455584  358.467332852  109.519902707  183.540821169  0  0  0
p249  d=3.0  m=2.23398004023e-08
  0.275240363203  0.00639571153407  0.127428333783  282.554756517  101.611903895  287.672354059  0  0  0
p250  d=3.0  m=2.92426442345e-08
  0.296686748851  0.00491021406857  0.20210523001  95.138499333  240.709068382  95.0607822007  0  0  0
p251  d=3.0  m=2.92426442345e-08
  0.282800084928  0.00518077990161  0.13095739062  257.610366306  317.720502658  230.869783992  0  0  0
p252  d=3.0  m=2.92426442345e-08
  0.299634849732  0.00889643047338  0.441989521714  244.934834647  166.261102546  34.1581768733  0  0  0
p253  d=3.0  m=2.92426442345e-08
  0.282081258868  0.00675662339675  0.693114299149  126.025852318  35.5792286535  313.205945907  0  0  0
p254  d=3.0  m=2.92426442345e-08
  0.293448559749  0.00285279251331  0.899157806508  111.706177066  329.119631918  218.411762603  0  0  0
p255  d=3.0  m=2.92426442345e-08
  0.273842498772  0.00477659734818  0.370870847471  56.5757512518  35.7287948502  148.424057085  0  0  0
p256  d=3.0  m=2.92426442345e-08
  0.28642361069  0.00285230405702  0.519800601716  79.061979295  194.526224566  100.316384831  0  0  0
p257  d=3.0  m=2.92426442345e-08
  0.277388489224  0.00310072324715  0.351647457229  256.489796341  163.50175065  21.654596972  0  0  0
p258  d=3.0  m=2.92426442345e-08
  0.28289987202  0.00630637059488  0.216188090279  3.60113094791  140.624819669  121.495085699  0  0  0
p259  d=3.0  m=2.92426442345e-08
  0.281338531517  0.00772699288311  0.890800862859  171.375930493  99.846041008  71.6551790064  0  0  0
p260  d=3.0  m=3.9255317093e-08
  0.29954529583  0.00174795353356  0.191591549164  146.51630065  162.95285963  349.413001645  0  0  0
p261  d=3.0  m=3.9255317093e-08
  0.309658517586  0.00463847456834  0.694773980387  163.921164703  225.339502631  281.844511398  0  0  0
p262  d=3.0  m=3.9255317093e-08
  0.31007622504  0.000811228492784  0.974245484013  17.4817909193  212.483875069  5.47702623098  0  0  0
p263  d=3.0  m=3.9255317093e-08
  0.325833373185  0.00157998932059  0.53248669807  172.645407977  326.054536991  146.879312553  0  0  0
p264  d=3.0  m=3.9255317093e-08
  0.300997053297  0.000986382745796  0.84440055818  322.547151249  311.427918805  87.4476339579  0  0  0
p265  d=3.0  m=3.9255317093e-08
  0.294478240047  0.00118377732665  0.675764798006  157.728012008  275.108246271  200.726757175  0  0  0
p266  d=3.0  m=3.9255317093e-08
  0.297957159715  0.00537168013671  0.618707250431  285.010856921  40.7247967142  82.3411758987  0  0  0
p267  d=3.0  m=3.9255317093e-08
  0.328278871406  0.00469934408306  0.502207481295  7.4912268537  359.721762946  163.493806136  0  0  0
p268  d=3.0  m=3.9255317093e-08
  0.328624945069  0.00883432679355  0.301598011345  200.235622243  116.264746593  170.033186903  0  0  0
p269  d=3.0  m=3.9255317093e-08
  0.335791915734  4.1407514982e-05  0.162562814267  223.815521488  349.827356104  334.085748487  0  0  0
p270  d=3.0  m=3.34964198926e-08
  0.359091437347  0.00898079342196  0.109332440913  76.2697330971  194.84562456  260.679945706  0  0  0
p271  d=3.0  m=3.34964198926e-08
  0.355292521619  0.00849833897722  0.861254266004  180.014296996  204.743607576  37.1353100214  0  0  0
p272  d=3.0  m=3.34964198926e-08
  0.344904693858  0.00563479052789  0.483724260382  203.028166298  345.364283956  36.0680880737  0  0  0
p273  d=3.0  m=3.34964198926e-08
  0.356454084617  0.00822849309363  0.424636173878  147.754149022  298.526592289  188.907555807  0  0  0
p274  d=3.0  m=3.34964198926e-08
  0.33897091558  0.00875263148062  0.912479787058  267.072261764  176.840503606  180.093875183  0  0  0
p275  d=3.0  m=3.34964198926e-08
  0.328991133779  0.0039217412217  0.139424695811  216.720998841  69.7861165108  225.298055019  0  0  0
p276  d=3.0  m=3.34964198926e-08
  0.359120305431  0.00450469517243  0.674604208974  297.777481479  116.533018637  150.722704328  0  0  0
p277  d=3.0  m=3.34964198926e-08
  0.350955880547  0.00511288422687  0.285312401232  355.120035105  187.743882498  21.9743695591  0  0  0
p278  d=3.0  m=3.34964198926e-08
  0.364684536026  0.00159659032629  0.42864341266  321.692688842  295.157288855  166.607437383  0  0  0
p279  d=3.0  m=3.34964198926e-08
  0.352056942154  0.00679454769943  0.828982181625  174.649267142  31.4352336057  158.204028574  0  0  0
p280  d=3.0  m=3.30739072172e-08
  0.370642962079  0.00974809453295  0.766521683361  221.412453506  359.856245312  48.356778608  0  0  0
p281  d=3.0  m=3.30739072172e-08
  0.387311621804  0.00881539211423  0.659544257381  163.061146686  216.876397931  129.52914855  0  0  0
p282  d=3.0  m=3.30739072172e-08
  0.385979238815  0.00938545355675  0.0508453216827  293.896000829  177.31604098  228.660091128  0  0  0
p283  d=3.0  m=3.30739072172e-08
  0.368744368552  9.6717472688e-05  0.3816034578  87.4735580553  309.581885992  5.01830205114  0  0  0
p284  d=3.0  m=3.30739072172e-08
  0.378421631448  0.00552425288389  0.526294205213  218.628920358  140.411869684  112.249557731  0  0  0
p285  d=3.0  m=3.30739072172e-08
  0.399941795989  0.0052652058304  0.166591703431  185.106006318  222.95115997  299.769884658  0  0  0
p286  d=3.0  m=3.30739072172e-08
  0.379464216905  0.000549114147511  0.138902907408  118.441288042  228.951773533  239.520050473  0  0  0
p287  d=3.0  m=3.30739072172e-08
  0.384898086001  0.00451307739345  0.195499253105  81.1773873246  357.117024316  210.290593333  0  0  0
p288  d=3.0  m=3.30739072172e-08
  0.38157939419  0.00672152776352  0.677119658823  157.773813179  193.471435276  35.5749813925  0  0  0
p289  d=3.0  m=3.30739072172e-08
  0.363590222686  0.00471228760951  0.604369752738  287.875309305  192.823759924  153.575629364  0  0  0
p290  d=3.0  m=3.01999986099e-08
  0.429691263753  0.00482866702147  0.981934029364  4.70277598103  136.195618204  295.751795368  0  0  0
p291  d=3.0  m=3.01999986099e-08
  0.399394641896  0.00642714548521  0.483069024847  98.5926417712  317.02658753  241.232754146  0  0  0
p292  d=3.0  m=3.01999986099e-08
  0.417805429457  0.00999853770502  0.67835359616  253.803395653  19.4752463646  258.760141941  0  0  0
p293  d=3.0  m=3.01999986099e-08
  0.422061674512  0.000666020060332  0.425610389439  129.278150982  182.422606452  282.087180504  0  0  0
p294  d=3.0  m=3.01999986099e-08
  0.413197191472  0.00911604969765  0.956059115144  30.3529316304  325.663610928  250.507546465  0  0  0
p295  d=3.0  m=3.01999986099e-08
  0.404157194072  0.00320348172943  0.754059894828  323.521399101  269.826796292  135.6493809  0  0  0
p296  d=3.0  m=3.01999986099e-08
  0.42556814939  0.00639031758733  0.0988208269566  316.597401494  45.7708435723  111.150720802  0  0  0
p297  d=3.0  m=3.01999986099e-08
  0.399522662894  0.00708502345778  0.845156390539  62.1214897644  30.1869451106  182.002134928  0  0  0
p298  d=3.0  m=3.01999986099e-08
  0.398920165184  0.00812350388266  0.162304849103  100.847257408  11.0875686448  261.47426062  0  0  0
p299  d=3.0  m=3.01999986099e-08
  0.42608550218  0.00545733775979  0.182187581667  27.0305002688  9.29141159214  16.8333583224  0  0  0
p300  d=3.0  m=5.36701174183e-08
  0.429731719764  0.00962271663954  0.744575964328  258.305402203  150.568948117  87.0509988011  0  0  0
p301  d=3.0  m=5.36701174183e-08
  0.435619175877  0.00764962959746  0.0678935295346  183.330594479  334.137334575  149.598123778  0  0  0
p302  d=3.0  m=5.36701174183e-08
  0.413564946942  0.00552285048634  0.5860797832  89.9228558568  291.293597168  89.3122097189  0  0  0
p303  d=3.0  m=5.36701174183e-08
  0.432115743623  0.00111428623201  0.887975259283  149.95083687  213.881288143  27.5413953186  0  0  0
p304  d=3.0  m=5.36701174183e-08
  0.432785911231  0.00386290592761  0.784658551173  207.666401544  98.567093394  262.491005591  0  0  0
p305  d=3.0  m=5.36701174183e-08
  0.447678739195  0.00881232722615  0.511839969459  101.051759863  83.5967385058  274.68958862  0  0  0
p306  d=3.0  m=5.36701174183e-08
  0.440302986445  0.00315307422582  0.810924077758  53.2402495383  19.2036483232  215.4960397  0  0  0
p307  d=3.0  m=5.36701174183e-08
  0.435295009905  0.000685024271469  0.501182376419  268.235899557  118.833715219  310.068653713  0  0  0
p308  d=3.0  m=5.36701174183e-08
  0.447354456068  0.0091334673833  0.369920420165  320.351339412  22.7017542293  283.711105997  0  0  0
p309  d=3.0  m=5.36701174183e-08
  0.427379765889  0.00163309961153  0.734549236554  134.334219668  193.82434768  255.539267064  0  0  0
p310  d=3.0  m=6.09915524496e-08
  0.468025322046  0.00915100359296  0.706634245218  277.019976034  135.160088193  127.652420256  0  0  0
p311  d=3.0  m=6.09915524496e-08
  0.484723457805  0.00166364621975  0.244985926804  48.8442235632  356.72952347  263.133089058  0  0  0
p312  d=3.0  m=6.09915524496e-08
  0.546237653712  0.0065735494792  0.290128343541  38.9036533278  239.059683777  57.0939643679  0  0  0
p313  d=3.0  m=6.09915524496e-08
  0.534791320474  0.0067673712518  0.628234115763  22.8948738247  71.9619004701  170.524759735  0  0  0
p314  d=3.0  m=6.09915524496e-08
  0.547819733787  0.00952974961911  0.872544299675  8.99284695997  262.023142549  157.019157975  0  0  0
p315  d=3.0  m=6.09915524496e-08
  0.503202497606  0.00872698273838  0.427156608098  8.5184346936  165.132014989  62.2763255163  0  0  0
p316  d=3.0  m=6.09915524496e-08
  0.519080826855  0.0072282639923  0.0950676046633  203.676518511  46.6853435537  131.348980932  0  0  0
p317  d=3.0  m=6.09915524496e-08
  0.509854402059  0.000624374015693  0.581467912222  23.2976979292  51.9300870351  251.03510841  0  0  0
p318  d=3.0  m=6.09915524496e-08
  0.506733401896  7.28077233798e-05  0.0792289210446  328.094724592  107.014346712  50.6559830514  0  0  0
p319  d=3.0  m=6.09915524496e-08
  0.466103475527  0.000638615777834  0.0363077728538  90.6179195495  180.483547016  139.073581255  0  0  0
p320  d=3.0  m=6.41046159087e-08
  0.535345326954  0.00704519806952  0.687523288908  278.40957961  80.5516834161  274.254303427  0  0  0
p321  d=3.0  m=6.41046159087e-08
  0.593421453577  0.00911995605344  0.726756128956  228.597765855  61.208248568  334.567460265  0  0  0
p322  d=3.0  m=6.41046159087e-08
  0.558578460152  0.00259147456021  0.97537474725  184.97917917  314.03953861  54.3145080619  0  0  0
p323  d=3.0  m=6.41046159087e-08
  0.53202046526  0.00972306716043  0.0283335183552  15.8295858411  134.96060834  248.885701336  0  0  0
p324  d=3.0  m=6.41046159087e-08
  0.565588722748  0.00789547410114  0.414807958626  21.2335415973  103.346856973  220.776742854  0  0  0
p325  d=3.0  m=6.41046159087e-08
  0.567573378183  0.000983362381389  0.880910703567  168.075176786  227.038451191  83.1399667037  0  0  0
p326  d=3.0  m=6.41046159087e-08
  0.530703833424  0.00871829511924  0.265856701284  206.28378332  216.277217761  325.989135664  0  0  0
p327  d=3.0  m=6.41046159087e-08
  0.616533248461  0.0013254552665  0.0124499037963  98.1853964018  302.949099376  199.98393335  0  0  0
p328  d=3.0  m=6.41046159087e-08
  0.558357877095  0.00140487547463  0.715697980141  324.605115906  320.790799514  330.78032578  0  0  0
p329  d=3.0  m=6.41046159087e-08
  0.543690964991  0.00865377328525  0.75809981129  65.4840162886  313.383035477  62.4212790487  0  0  0
p330  d=3.0  m=5.13573142932e-08
  0.661761689532  0.0099768182668  0.183063191759  146.381246387  154.618276518  53.0876372072  0  0  0
p331  d=3.0  m=5.13573142932e-08
  0.640442077496  0.00467085655171  0.485103452641  141.84962303  306.367878688  119.017235814  0  0  0
p332  d=3.0  m=5.13573142932e-08
  0.675454207401  0.00808944077406  0.752378328398  219.356240597  114.314354055  356.444030366  0  0  0
p333  d=3.0  m=5.13573142932e-08
  0.633766166599  0.00918586800586  0.544506027308  321.307112256  153.047049092  358.16419319  0  0  0
p334  d=3.0  m=5.13573142932e-08
  0.681818956074  0.00818852179451  0.404227861245  2.37797119423  16.1419537004  278.175482783  0  0  0
p335  d=3.0  m=5.13573142932e-08
  0.634332346413  0.00211984866669  0.267774968392  165.488278192  36.0835306844  134.442845546  0  0  0
p336  d=3.0  m=5.13573142932e-08
  0.627096536679  0.0003923351869  0.11347338096  257.562442776  300.395969134  11.697782517  0  0  0
p337  d=3.0  m=5.13573142932e-08
  0.661239656  0.00369003932392  0.284851180204  242.791538893  264.109345821  25.6944943945  0  0  0
p338  d=3.0  m=5.13573142932e-08
  0.645443163015  0.00378876810786  0.944878820956  347.185782207  258.480940051  79.3796551228  0  0  0
p339  d=3.0  m=5.13573142932e-08
  0.632135977383  0.00510076508526  0.11264557602  301.967212796  300.473447776  291.555819097  0  0  0
p340  d=3.0  m=7.60525995044e-08
  0.761142033066  0.00188030961887  0.718480929755  205.695475038  282.857684243  153.505587146  0  0  0
p341  d=3.0  m=7.60525995044e-08
  0.742234637556  0.000749409551766  0.195886835764  358.216322403  27.9286068525  2.36488517664  0  0  0
p342  d=3.0  m=7.60525995044e-08
  0.782659619302  0.00855708967647  0.29359500198  292.437877974  165.036697302  138.576160902  0  0  0
p343  d=3.0  m=7.60525995044e-08
  0.673106817532  0.00631107728671  0.680964521644  133.263700528  126.870411523  87.5369054784  0  0  0
p344  d=3.0  m=7.60525995044e-08
  0.706711887014  0.00267709624691  0.500277323991  89.9685703651  4.98726981985  279.950174971  0  0  0
p345  d=3.0  m=7.60525995044e-08
  0.746665413716  0.00852051837751  0.97651881786  174.002348682  299.940079596  251.457897855  0  0  0
p346  d=3.0  m=7.60525995044e-08
  0.72698823946  0.00215470446949  0.910848220196  69.748356179  65.5653931583  95.5383591476  0  0  0
p347  d=3.0  m=7.60525995044e-08
  0.740142571142  0.00327737346623  0.782879083718  229.233724553  184.402721559  20.0150070081  0  0  0
p348  d=3.0  m=7.60525995044e-08
  0.708773990368  0.00464170726214  0.7933581915  187.676920762  149.702502752  350.186536781  0  0  0
p349  d=3.0  m=7.60525995044e-08
  0.666779829084  0.00244215627672  0.828673037156  350.86511691  261.01985791  332.015997158  0  0  0
p350  d=3.0  m=7.4380824311e-08
  0.837826889226  0.000139705491566  0.244903060956  63.4489718208  211.422482573  211.890186129  0  0  0
p351  d=3.0  m=7.4380824311e-08
  0.889004471196  0.00621874563774  0.261431355514  79.589044211  343.30240843  269.694665937  0  0  0
p352  d=3.0  m=7.4380824311e-08
  0.854115150585  0.00123325911043  0.669752221009  35.4488240967  138.603553427  296.343767079  0  0  0
p353  d=3.0  m=7.4380824311e-08
  0.829555856731  0.00126519214444  0.977667376893  20.5352544896  74.3628537114  16.5329500183  0  0  0
p354  d=3.0  m=7.4380824311e-08
  0.854577058956  0.00346047247059  0.191823985091  350.000679807  285.077109313  78.5192794626  0  0  0
p355  d=3.0  m=7.4380824311e-08
  0.866893666191  0.00423517849672  0.653387833276  291.603175956  107.218327532  215.828351225  0  0  0
p356  d=3.0  m=7.4380824311e-08
  0.820840472522  0.00587417720028  0.684849133504  330.812247515  149.242455915  47.6831706087  0  0  0
p357  d=3.0  m=7.4380824311e-08
  0.772077666167  0.00431411590627  0.346206364535  158.975005549  267.26309385  156.945389917  0  0  0
p358  d=3.0  m=7.4380824311e-08
  0.83921742099  0.000124609075827  0.325593077384  317.653249662  145.089663942  235.718526698  0  0  0
p359  d=3.0  m=7.4380824311e-08
  0.797662920019  0.00375284560789  0.466169625536  4.22026167845  180.218364203  331.549913173  0  0  0
p360  d=3.0  m=5.54149523477e-08
  0.954190305176  0.000785710890924  0.611155153926  221.601592438  120.217859789  116.017939014  0  0  0
p361  d=3.0  m=5.54149523477e-08
  0.980371679638  0.00583561294321  0.120681382751  357.011292868  224.779160121  230.114326421  0  0  0
p362  d=3.0  m=5.54149523477e-08
  0.945219752723  0.00250021212297  0.820134873917  42.7685004814  82.346015902  184.957934221  0  0  0
p363  d=3.0  m=5.54149523477e-08
  0.977655320734  0.00816482389916  0.360393726962  56.738317798  328.999398123  19.7129521894  0  0  0
p364  d=3.0  m=5.54149523477e-08
  0.947459291943  0.00802719502046  0.171057208707  240.746837469  336.716362035  177.948354037  0  0  0
p365  d=3.0  m=5.54149523477e-08
  0.980807077983  0.00180720188285  0.377857974948  229.81450799  87.2490361649  282.018468962  0  0  0
p366  d=3.0  m=5.54149523477e-08
  0.933029880336  0.00565689087891  0.654770423796  42.9345256708  61.3283922945  144.432688059  0  0  0
p367  d=3.0  m=5.54149523477e-08
  0.922594301422  0.00207826082918  0.925958378951  210.268263308  37.6432930272  41.6466612492  0  0  0
p368  d=3.0  m=5.54149523477e-08
  0.928376757946  0.00129508024014  0.0674972462104  19.9558217545  152.359386735  75.1841874401  0  0  0
p369  d=3.0  m=5.54149523477e-08
  0.887107649305  0.00965530593157  0.859091609338  121.694518884  203.19454333  282.387126035  0  0  0
p370  d=3.0  m=7.98088630967e-08
  0.994426087285  0.00944204678311  0.411842739781  27.251283981  215.820727132  62.9277228157  0  0  0
p371  d=3.0  m=7.98088630967e-08
  1.08260328122  0.0015285491158  0.124577730025  232.271305185  320.594916441  280.028236042  0  0  0
p372  d=3.0  m=7.98088630967e-08
  0.95710024533  0.00681219487427  0.994524322017  40.9721348057  230.9435678  210.049625957  0  0  0
p373  d=3.0  m=7.98088630967e-08
  1.10326685584  0.0029661099726  0.250217742143  290.578463185  45.9183386568  60.7981694493  0  0  0
p374  d=3.0  m=7.98088630967e-08
  0.947094517352  0.00482944417343  0.265376805252  54.0769649414  112.761020423  147.311571813  0  0  0
p375  d=3.0  m=7.98088630967e-08
  1.04927517809  0.00111637120722  0.382814197061  118.08730575  315.232072592  330.484258893  0  0  0
p376  d=3.0  m=7.98088630967e-08
  1.03062991764  0.00643893369863  0.463848738859  79.3808985553  102.082288465  226.487562248  0  0  0
p377  d=3.0  m=7.98088630967e-08
  1.08968547817  0.0022228135585  0.0601901589098  135.883513932  196.692467862  249.388218166  0  0  0
p378  d=3.0  m=7.98088630967e-08
  1.10521737782  0.0093433993653  0.674200374991  234.61508734  172.863235226  166.341373108  0  0  0
p379  d=3.0  m=7.98088630967e-08
  0.940482061708  0.00881453567486  0.382250254041  235.619053828  52.7829377115  240.646519233  0  0  0
