)0+_06 Small-body initial data (WARNING: Do not delete this line!!)
)-------------------------------------------------------
style = Asteroid
epoch=0
e00  d=3.0  m=3.91235620547e-07
  0.0518415331841  0.00900397157591  0.804385325343  269.887015816  282.996204563  136.218712415  0  0  0
e01  d=3.0  m=3.19389624432e-07
  0.0571036392279  0.00143986811703  0.154906455637  265.852662339  291.832411376  283.465758016  0  0  0
e02  d=3.0  m=3.50534504587e-07
  0.0620658091962  0.00531554004079  0.641094081704  180.520734049  14.1079136774  295.583263885  0  0  0
e03  d=3.0  m=3.88326704109e-07
  0.0677677859024  0.00530709456315  0.300883717703  309.601800995  11.1923715726  42.8894577646  0  0  0
e04  d=3.0  m=5.55721667619e-07
  0.0750974269702  0.00469079350156  0.187475115038  110.748446017  84.6726399264  203.020123357  0  0  0
e05  d=3.0  m=6.09707829597e-07
  0.0850725746643  0.00174955623705  0.853117562189  73.7268750115  286.851942972  294.513405085  0  0  0
e06  d=3.0  m=6.61574146635e-07
  0.0966807483837  0.00671848301416  0.395749650051  304.003165756  299.959870243  322.691399108  0  0  0
e07  d=3.0  m=4.339243803e-07
  0.108138522869  0.00355973196378  0.873040783996  304.657263788  15.6169068193  37.0139437864  0  0  0
e08  d=3.0  m=6.2663549569e-07
  0.118485882282  0.00132184640045  0.0907257572115  249.87250262  57.7314929262  254.848721185  0  0  0
e09  d=3.0  m=7.83662058039e-07
  0.133322534714  0.00100342063603  0.646337645898  298.9278398  85.8450042155  270.99800321  0  0  0
e10  d=3.0  m=8.86384952877e-07
  0.152309484796  0.0066293003222  0.0280812237213  95.0811609672  2.90614891377  212.070851431  0  0  0
e11  d=3.0  m=1.02533822022e-06
  0.175490862049  0.00369117839306  0.290459715377  0.92729616349  316.380255007  148.688478257  0  0  0
e12  d=3.0  m=1.21044107833e-06
  0.204575282928  0.00340086763111  0.384670161346  26.1738802584  60.338647411  210.225224854  0  0  0
e13  d=3.0  m=1.07223045382e-06
  0.238034480476  0.00446697490219  0.507383806499  240.441913433  206.458019509  135.921535219  0  0  0
e14  d=3.0  m=8.69050658739e-07
  0.268989524376  0.00669007940042  0.632470110446  316.732063144  150.26271191  124.178702626  0  0  0
e15  d=3.0  m=1.31142364954e-06
  0.302545816978  0.00314699527903  0.053697394795  208.039550857  29.5849696252  42.6486997992  0  0  0
e16  d=3.0  m=1.19699772945e-06
  0.346956824425  0.00110157639894  0.754535919617  350.311029379  135.037382192  346.693916824  0  0  0
e17  d=3.0  m=1.15279685847e-06
  0.391022248079  0.00959286315978  0.542631896298  262.394042764  167.38326996  146.45898476  0  0  0
e18  d=3.0  m=1.72207221235e-06
  0.444577011376  0.00742523856477  0.832295641959  327.6906753  2.53681083019  9.75443424649  0  0  0
e19  d=3.0  m=2.38043771682e-06
  0.527824309195  0.00831528334928  0.961794209362  217.551376005  14.0621117391  251.839277349  0  0  0
e20  d=3.0  m=2.47380209758e-06
  0.640277791393  0.00316620775122  0.12328778191  286.662635771  334.022279095  246.552199161  0  0  0
e21  d=3.0  m=1.98054242741e-06
  0.757792835358  0.00897598822134  0.335298567083  355.43899235  36.4063761443  346.180684523  0  0  0
e22  d=3.0  m=2.93598234852e-06
  0.886248534113  0.00561626784307  0.952824419302  43.6867982551  169.679596562  178.359855895  0  0  0
