)0+_06 Small-body initial data (WARNING: Do not delete this line!!)
)-------------------------------------------------------
style = Asteroid
p000  d=3.0  m=3.91235620547e-08
  0.0548139795581  0.00945040845234  0.133289380819  64.6609477658  217.316455384  199.71988847  0  0  0
p001  d=3.0  m=3.91235620547e-08
  0.0487474640869  0.000904290420376  0.512940829382  73.3280406594  347.963103835  143.693117041  0  0  0
p002  d=3.0  m=3.91235620547e-08
  0.0532343494649  0.00912126768293  0.638848130639  276.480185891  173.802679602  2.61594327985  0  0  0
p003  d=3.0  m=3.91235620547e-08
  0.0507540011084  0.00855379201818  0.913734506419  286.19313945  307.065237999  336.228568362  0  0  0
p004  d=3.0  m=3.91235620547e-08
  0.049858674776  0.00872393421391  0.830893222553  335.781804196  328.55770198  145.556962773  0  0  0
p005  d=3.0  m=3.91235620547e-08
  0.0523716358089  0.00101680218026  0.917864686374  276.652853617  54.5870949617  341.865003222  0  0  0
p006  d=3.0  m=3.91235620547e-08
  0.0484977511967  0.00543264912514  0.55065929553  136.694314966  99.8525193957  304.92632617  0  0  0
p007  d=3.0  m=3.91235620547e-08
  0.0535645096523  0.00726772041787  0.563374429618  7.83631020739  153.637489065  356.533430767  0  0  0
p008  d=3.0  m=3.91235620547e-08
  0.0547405274594  0.0034280093624  0.734882942657  357.815132059  3.45380332209  20.4117206944  0  0  0
p009  d=3.0  m=3.91235620547e-08
  0.0496797451523  0.00229713927998  0.890394924659  33.5484358239  79.3406641828  256.228377575  0  0  0
p010  d=3.0  m=3.19389624432e-08
  0.0565488423167  0.00458610497635  0.0146679599612  90.745828669  29.2907996936  145.275774301  0  0  0
p011  d=3.0  m=3.19389624432e-08
  0.0556828483447  0.00753585043009  0.178756434164  99.3144542636  122.643490015  191.062120797  0  0  0
p012  d=3.0  m=3.19389624432e-08
  0.0552428048181  0.00954825918553  0.384846407315  74.656080594  316.806215364  96.5694806747  0  0  0
p013  d=3.0  m=3.19389624432e-08
  0.0583518622333  0.00633112202759  0.21120911504  323.840601139  254.397965786  290.551674977  0  0  0
p014  d=3.0  m=3.19389624432e-08
  0.0588091782471  0.00104848770621  0.0479868962058  167.056356689  94.3156243306  321.644721944  0  0  0
p015  d=3.0  m=3.19389624432e-08
  0.0595196290804  0.008818598778  0.462653622418  94.7174797948  313.926529606  164.058298912  0  0  0
p016  d=3.0  m=3.19389624432e-08
  0.0601996256309  0.000298006898627  0.773038936261  306.113634193  277.388617386  126.610400265  0  0  0
p017  d=3.0  m=3.19389624432e-08
  0.0544071181063  0.00503791808471  0.956509737924  331.747731793  248.337702318  171.823732561  0  0  0
p018  d=3.0  m=3.19389624432e-08
  0.0572522254813  0.0011637010911  0.276223776618  192.880889579  216.741427795  90.9848219217  0  0  0
p019  d=3.0  m=3.19389624432e-08
  0.0570866702303  0.00793032024121  0.843175990075  87.6265078707  339.981481393  338.814690534  0  0  0
p020  d=3.0  m=3.50534504587e-08
  0.0636154175617  0.00604498330745  0.400172495501  231.302848026  314.495505783  338.655435937  0  0  0
p021  d=3.0  m=3.50534504587e-08
  0.0647962390087  0.00890273072551  0.505148747831  48.9479709748  52.4494161044  315.008911141  0  0  0
p022  d=3.0  m=3.50534504587e-08
  0.0604572277616  0.00905027585445  0.518636888953  223.407463911  164.520988092  35.1562689957  0  0  0
p023  d=3.0  m=3.50534504587e-08
  0.0601046972614  0.00150256357937  0.164554080273  355.067693382  257.068344667  53.4375647882  0  0  0
p024  d=3.0  m=3.50534504587e-08
  0.0597818518745  0.00913257314707  0.752617150221  254.598219393  204.818438304  100.458999852  0  0  0
p025  d=3.0  m=3.50534504587e-08
  0.0607870039843  0.00603816343881  0.190407470684  264.043423947  22.1377259272  170.536918854  0  0  0
p026  d=3.0  m=3.50534504587e-08
  0.0637270410971  0.000342443026688  0.552991708406  341.926452118  23.9730557736  229.886113005  0  0  0
p027  d=3.0  m=3.50534504587e-08
  0.0619876990507  0.00908547902308  0.260479438002  51.4333290657  345.13241744  100.838234421  0  0  0
p028  d=3.0  m=3.50534504587e-08
  0.0648302238738  0.00717334438235  0.160460869718  213.990714099  0.926208584929  45.1852430101  0  0  0
p029  d=3.0  m=3.50534504587e-08
  0.0655411119205  0.00617548530804  0.0234234675337  212.09823033  290.932663798  179.091193668  0  0  0
p030  d=3.0  m=3.88326704109e-08
  0.0691047850771  0.0072206445971  0.14246791289  192.363635676  160.317263183  356.987392669  0  0  0
p031  d=3.0  m=3.88326704109e-08
  0.0697840989187  0.00187081162656  0.731334222764  154.294747469  261.315655888  280.042382713  0  0  0
p032  d=3.0  m=3.88326704109e-08
  0.0695622736222  0.000969681522341  0.126450309776  178.186174818  177.196107809  289.342917282  0  0  0
p033  d=3.0  m=3.88326704109e-08
  0.0675333075871  0.00214224871495  0.0357989642707  332.686769848  91.6996259124  203.642283698  0  0  0
p034  d=3.0  m=3.88326704109e-08
  0.0717415889976  0.00544618431368  0.577989731193  352.124646801  266.73973736  144.82487243  0  0  0
p035  d=3.0  m=3.88326704109e-08
  0.0646684586458  0.000656802559369  0.730020218045  54.1959636183  102.79704763  33.0709583527  0  0  0
p036  d=3.0  m=3.88326704109e-08
  0.0680219943612  0.00662706362162  0.391070213247  117.44818012  69.3871010931  244.069646688  0  0  0
p037  d=3.0  m=3.88326704109e-08
  0.066635318382  0.00956183990461  0.613407225949  345.458594489  131.871914973  36.3647092426  0  0  0
p038  d=3.0  m=3.88326704109e-08
  0.0679699519757  0.00665476140031  0.0159469707666  217.03761573  114.003864259  93.6689551813  0  0  0
p039  d=3.0  m=3.88326704109e-08
  0.0689023155723  0.00178024296447  0.43658168334  328.621697186  61.0231082024  238.194736526  0  0  0
p040  d=3.0  m=5.55721667619e-08
  0.0779470881705  0.00440019887833  0.0331593694151  37.3723999661  197.123413145  190.863287728  0  0  0
p041  d=3.0  m=5.55721667619e-08
  0.0741038799098  0.00668094392954  0.949023096024  302.782104231  358.197403921  212.670975141  0  0  0
p042  d=3.0  m=5.55721667619e-08
  0.0792522071146  0.00843658318411  0.12322830197  144.402461993  255.945718885  149.199932297  0  0  0
p043  d=3.0  m=5.55721667619e-08
  0.0713416203572  0.00658398969723  0.509364372816  150.823345604  205.865854784  314.579795316  0  0  0
p044  d=3.0  m=5.55721667619e-08
  0.079791948248  0.00610839418743  0.1996168164  193.615121432  279.773843984  292.255758457  0  0  0
p045  d=3.0  m=5.55721667619e-08
  0.0807357622142  0.00917459775195  0.574303888198  302.92191446  61.462815036  157.620958675  0  0  0
p046  d=3.0  m=5.55721667619e-08
  0.0783760674522  0.00100363931323  0.206322941207  49.4417807989  281.543346336  53.7559618225  0  0  0
p047  d=3.0  m=5.55721667619e-08
  0.0706913196953  0.00815256450832  0.0389058535781  223.263090387  19.4641713201  292.939643406  0  0  0
p048  d=3.0  m=5.55721667619e-08
  0.0809733757084  0.000399416632033  0.592073185373  319.819664178  132.418640342  209.875129681  0  0  0
p049  d=3.0  m=5.55721667619e-08
  0.0796010740649  0.00812286130008  0.180981428272  46.7944409318  178.581248492  90.628608203  0  0  0
p050  d=3.0  m=6.09707829597e-08
  0.0799949348285  0.00918939311649  0.855383884537  146.261104432  336.740788069  62.665637484  0  0  0
p051  d=3.0  m=6.09707829597e-08
  0.0782534410079  0.00857434867591  0.70514851873  271.299174003  131.681089653  104.066620956  0  0  0
p052  d=3.0  m=6.09707829597e-08
  0.0921358748061  0.00912685817443  0.516276019985  84.6372456568  228.179981537  74.0156603748  0  0  0
p053  d=3.0  m=6.09707829597e-08
  0.0779297329819  0.0041777423963  0.460877327634  104.124889439  92.1982304322  282.385470752  0  0  0
p054  d=3.0  m=6.09707829597e-08
  0.0788825768274  0.00971451108975  0.278312110517  292.084832109  228.926707202  293.652108328  0  0  0
p055  d=3.0  m=6.09707829597e-08
  0.0811552158998  0.00265036026789  0.0383715374832  74.4233071176  292.997135783  275.722485388  0  0  0
p056  d=3.0  m=6.09707829597e-08
  0.0865704844645  0.0075221749651  0.0237585024484  166.564564463  353.175150684  223.183335393  0  0  0
p057  d=3.0  m=6.09707829597e-08
  0.0836930346875  0.00210190509583  0.971110522697  324.814125656  106.924496739  3.07597330583  0  0  0
p058  d=3.0  m=6.09707829597e-08
  0.0794275776266  0.00814367666676  0.288600383842  66.7929649644  54.3702042854  326.068747431  0  0  0
p059  d=3.0  m=6.09707829597e-08
  0.0789519152655  0.00464001589656  0.46680890803  23.9167435395  60.4224801817  7.50655326809  0  0  0
p060  d=3.0  m=6.61574146635e-08
  0.0953287204274  0.00779949901187  0.485271032441  161.021415344  83.6594196748  26.8257934372  0  0  0
p061  d=3.0  m=6.61574146635e-08
  0.0962726767041  0.000702544269422  0.68443313709  229.507402056  19.010244343  246.623408073  0  0  0
p062  d=3.0  m=6.61574146635e-08
  0.0898348209472  0.00522247799572  0.474865688079  309.983174994  8.12690287182  132.917744634  0  0  0
p063  d=3.0  m=6.61574146635e-08
  0.0910256941732  0.00406344373471  0.17660323243  165.010692451  265.696895836  190.352227401  0  0  0
p064  d=3.0  m=6.61574146635e-08
  0.100437179131  0.00629249444347  0.0448942800516  300.419353424  26.9239403297  204.030764612  0  0  0
p065  d=3.0  m=6.61574146635e-08
  0.0924561323828  0.00145309105791  0.30585220947  310.804806941  316.696980177  44.0370921822  0  0  0
p066  d=3.0  m=6.61574146635e-08
  0.101534822633  0.00789844335541  0.50584813235  351.554996876  352.387740024  242.631585935  0  0  0
p067  d=3.0  m=6.61574146635e-08
  0.0956198628863  0.00770998346879  0.178279291398  98.5633163884  217.93046405  62.2674244438  0  0  0
p068  d=3.0  m=6.61574146635e-08
  0.0947204118927  0.00973987869847  0.582535812848  212.398044056  334.171120136  130.342328003  0  0  0
p069  d=3.0  m=6.61574146635e-08
  0.0976683461088  0.00213434133817  0.757822629401  28.5581043851  271.828984491  72.5630875192  0  0  0
p070  d=3.0  m=4.339243803e-08
  0.107845932752  0.00524866894927  0.823296454115  3.8928449269  128.904673455  326.237763781  0  0  0
p071  d=3.0  m=4.339243803e-08
  0.107659435795  0.00371159904781  0.251292943899  162.516130501  196.161800782  29.1733299305  0  0  0
p072  d=3.0  m=4.339243803e-08
  0.108253834683  0.00511899772033  0.719567179244  75.6667157457  280.342446776  184.049880353  0  0  0
p073  d=3.0  m=4.339243803e-08
  0.109760805303  0.0063099037287  0.196255474093  253.466498095  358.526830528  167.475890402  0  0  0
p074  d=3.0  m=4.339243803e-08
  0.107735046391  0.00515772526773  0.654395361  35.5797455576  302.742731628  267.820941909  0  0  0
p075  d=3.0  m=4.339243803e-08
  0.105355349593  0.00221510727708  0.657145706051  102.350100228  175.581993198  216.386265544  0  0  0
p076  d=3.0  m=4.339243803e-08
  0.107192570406  0.00320302421895  0.731014960163  169.451692627  146.315524437  112.555862023  0  0  0
p077  d=3.0  m=4.339243803e-08
  0.10466582866  0.00103243971733  0.775105179932  147.391820233  175.755637703  6.6490225316  0  0  0
p078  d=3.0  m=4.339243803e-08
  0.107702315018  0.00587266921407  0.533704411204  332.683912228  352.655830973  47.9945140051  0  0  0
p079  d=3.0  m=4.339243803e-08
  0.111068353465  0.00385599904029  0.962972771316  207.414975682  332.602879212  276.078184127  0  0  0
p080  d=3.0  m=6.2663549569e-08
  0.118723494787  0.00795410134055  0.91467196564  112.025785648  87.8193390243  175.234159917  0  0  0
p081  d=3.0  m=6.2663549569e-08
  0.110869285549  0.00981377043918  0.499188375956  163.782344456  194.502453254  250.699751269  0  0  0
p082  d=3.0  m=6.2663549569e-08
  0.118559661354  0.00920422490546  0.820897992074  86.1773172984  240.117354591  251.22031991  0  0  0
p083  d=3.0  m=6.2663549569e-08
  0.113018749952  0.00724307275173  0.264931798721  149.294382122  312.672674507  117.601262466  0  0  0
p084  d=3.0  m=6.2663549569e-08
  0.109654375754  0.00161347448399  0.146472387134  331.936435524  327.953157621  96.0933062735  0  0  0
p085  d=3.0  m=6.2663549569e-08
  0.122856797067  0.00995186824156  0.534696088429  243.867336083  330.554615987  2.55187290756  0  0  0
p086  d=3.0  m=6.2663549569e-08
  0.116577254339  0.00214350102933  0.894997570213  250.281235854  302.30061392  74.3468088473  0  0  0
p087  d=3.0  m=6.2663549569e-08
  0.125645062933  0.00099509589106  0.742279708972  246.531686744  238.886983263  283.271696516  0  0  0
p088  d=3.0  m=6.2663549569e-08
  0.11568479066  0.000440824582379  0.65788437064  170.89381987  71.9576597121  99.294774511  0  0  0
p089  d=3.0  m=6.2663549569e-08
  0.110367846509  0.00543686729803  0.501980418586  146.286312986  262.950134543  5.85974572553  0  0  0
p090  d=3.0  m=7.83662058039e-08
  0.125281520393  0.000364002077615  0.691402862886  271.005707689  25.7103127359  65.5370693039  0  0  0
p091  d=3.0  m=7.83662058039e-08
  0.140759944724  0.00662047270186  0.623055746472  342.993317532  141.634863065  12.4495472712  0  0  0
p092  d=3.0  m=7.83662058039e-08
  0.122686066663  0.00340400173695  0.463354484212  39.9870556242  329.680222232  231.159657929  0  0  0
p093  d=3.0  m=7.83662058039e-08
  0.123944480995  0.00812756985223  0.224767968262  203.215717633  219.255169105  162.305010571  0  0  0
p094  d=3.0  m=7.83662058039e-08
  0.138369324278  0.000940590367045  0.852793719622  275.3821734  137.872025174  222.840415846  0  0  0
p095  d=3.0  m=7.83662058039e-08
  0.139301896076  3.27789517643e-05  0.804809281723  332.340298446  136.576498664  244.986969875  0  0  0
p096  d=3.0  m=7.83662058039e-08
  0.137378688461  0.00209916664651  0.882657139668  2.58554523465  26.1874690804  70.0224437185  0  0  0
p097  d=3.0  m=7.83662058039e-08
  0.128703314865  0.00929367163793  0.227954337921  228.266696696  64.4697026707  121.667466512  0  0  0
p098  d=3.0  m=7.83662058039e-08
  0.127246764592  0.0069051006015  0.999635540549  329.538384007  235.229285274  210.850921423  0  0  0
p099  d=3.0  m=7.83662058039e-08
  0.142296758241  0.00278267963285  0.599929072665  242.73604503  67.2915265885  233.709988943  0  0  0
p100  d=3.0  m=8.86384952877e-08
  0.154123995474  0.00686146929179  0.313086366731  190.061892307  320.576451466  56.7501189523  0  0  0
p101  d=3.0  m=8.86384952877e-08
  0.1664647084  0.00482456947086  0.118335258378  261.448465073  113.942081288  283.90203466  0  0  0
p102  d=3.0  m=8.86384952877e-08
  0.138418993326  0.00236777514162  0.333988211588  325.714721213  280.488726612  348.895182437  0  0  0
p103  d=3.0  m=8.86384952877e-08
  0.14826207093  0.000880869029149  0.888726337136  243.000496661  213.789527734  3.84081414464  0  0  0
p104  d=3.0  m=8.86384952877e-08
  0.159615949548  0.00255037969438  0.590169486541  306.659829622  22.7059216648  26.9720227893  0  0  0
p105  d=3.0  m=8.86384952877e-08
  0.16151796808  0.00829218901843  0.426833322928  90.2311441921  281.484642084  43.9467681262  0  0  0
p106  d=3.0  m=8.86384952877e-08
  0.151670409575  0.00311401173981  0.477950028542  207.002571578  215.866069084  230.584821914  0  0  0
p107  d=3.0  m=8.86384952877e-08
  0.144495954424  0.000122531885001  0.558159332532  319.009566726  42.9208791817  325.733756649  0  0  0
p108  d=3.0  m=8.86384952877e-08
  0.144038800117  0.00325304606493  0.846245612047  314.394518139  280.380093197  94.726506337  0  0  0
p109  d=3.0  m=8.86384952877e-08
  0.142659766679  0.0048770567317  0.53770639149  148.197949987  342.164723746  279.345303924  0  0  0
p110  d=3.0  m=1.02533822022e-07
  0.190469046118  0.00200071344116  0.223403615951  186.154532479  264.220728195  239.679255032  0  0  0
p111  d=3.0  m=1.02533822022e-07
  0.181103460949  0.000126120343135  0.481609746157  34.452741602  326.592715668  344.908270071  0  0  0
p112  d=3.0  m=1.02533822022e-07
  0.181683475217  0.00414858385453  0.96945531332  135.965793794  96.6002258286  328.050277747  0  0  0
p113  d=3.0  m=1.02533822022e-07
  0.191560741829  0.00312381924029  0.115683816422  336.988639536  310.372795605  4.38565708402  0  0  0
p114  d=3.0  m=1.02533822022e-07
  0.172306246883  0.00536283058506  0.579913253889  74.4255116469  122.476571217  38.5990109402  0  0  0
p115  d=3.0  m=1.02533822022e-07
  0.1622890021  0.00906943349685  0.267906275428  236.544525545  337.055129445  171.605173201  0  0  0
p116  d=3.0  m=1.02533822022e-07
  0.180197845668  0.00905987242258  0.576873788892  76.2150583709  358.639636337  137.036515933  0  0  0
p117  d=3.0  m=1.02533822022e-07
  0.158068855529  0.008744568434  0.923454510067  283.112132986  43.8705343371  186.223904461  0  0  0
p118  d=3.0  m=1.02533822022e-07
  0.171315344529  0.00190988934021  0.319218935875  355.475695627  173.243223654  43.7705751097  0  0  0
p119  d=3.0  m=1.02533822022e-07
  0.167077863485  0.00741794908882  0.789332542432  286.413567323  235.647087976  56.0005058284  0  0  0
p120  d=3.0  m=1.21044107833e-07
  0.224545071769  0.00213368501673  0.54486023072  241.133141871  250.361769762  88.7015470649  0  0  0
p121  d=3.0  m=1.21044107833e-07
  0.18961407297  0.0065769372028  0.698270110786  157.11802321  174.268697988  87.7053553729  0  0  0
p122  d=3.0  m=1.21044107833e-07
  0.207850885886  0.00111498845579  0.727218474703  251.764383956  350.342258567  76.0667073374  0  0  0
p123  d=3.0  m=1.21044107833e-07
  0.194507910278  0.0089059938381  0.816886289371  214.05926434  261.038659805  28.9908896133  0  0  0
p124  d=3.0  m=1.21044107833e-07
  0.203110426625  0.00159795217707  0.422385748847  311.417308858  32.9829050104  259.44205937  0  0  0
p125  d=3.0  m=1.21044107833e-07
  0.217152754375  0.00130983549241  0.285752036905  203.802437071  204.577384132  215.394120595  0  0  0
p126  d=3.0  m=1.21044107833e-07
  0.198438251911  0.00928222851183  0.518858804643  230.384477317  340.745874745  223.716973373  0  0  0
p127  d=3.0  m=1.21044107833e-07
  0.196430330199  0.00504931190911  0.368238970434  283.619176277  15.7402826714  269.784852224  0  0  0
p128  d=3.0  m=1.21044107833e-07
  0.195760719555  0.00276826061646  0.883875037661  323.134237216  24.7266006902  343.06498213  0  0  0
p129  d=3.0  m=1.21044107833e-07
  0.207484637077  0.00269477201381  0.442141561057  102.445507256  243.120382178  181.463635886  0  0  0
p130  d=3.0  m=1.07223045382e-07
  0.242432761611  0.00681115136858  0.0221566447966  271.813702805  18.1562100976  229.902417052  0  0  0
p131  d=3.0  m=1.07223045382e-07
  0.244122115711  0.00611639347239  0.0561772547693  213.312158785  337.688850081  206.658482757  0  0  0
p132  d=3.0  m=1.07223045382e-07
  0.228393916217  0.00407298279937  0.869075579342  347.870444904  61.7377072492  207.612604778  0  0  0
p133  d=3.0  m=1.07223045382e-07
  0.229158339411  0.00346171816662  0.409062877361  308.012238426  356.772239093  218.301443432  0  0  0
p134  d=3.0  m=1.07223045382e-07
  0.255212217346  0.00183451047865  0.903809714684  294.660003441  104.781681854  272.565221943  0  0  0
p135  d=3.0  m=1.07223045382e-07
  0.241732174299  0.00818477431442  0.806066357259  19.2024660913  174.784845755  170.954547723  0  0  0
p136  d=3.0  m=1.07223045382e-07
  0.252190652853  0.00550677896121  0.401372256472  315.056698669  26.7992057895  55.3115006337  0  0  0
p137  d=3.0  m=1.07223045382e-07
  0.226780498632  0.00466396331716  0.580932857425  75.4583814026  96.5494165949  76.8374186668  0  0  0
p138  d=3.0  m=1.07223045382e-07
  0.220088829093  0.00144372567813  0.0110100689197  221.34302223  13.0338826329  340.865382489  0  0  0
p139  d=3.0  m=1.07223045382e-07
  0.234617833783  0.00630382697815  0.668841341271  148.900088529  77.2565480135  254.221169201  0  0  0
p140  d=3.0  m=8.69050658739e-08
  0.27240374894  0.00395057413047  0.667320009236  43.9068103783  149.250994192  330.460842785  0  0  0
p141  d=3.0  m=8.69050658739e-08
  0.267859331572  0.00446577495172  0.0423426891433  271.739184621  274.014594243  168.924536983  0  0  0
p142  d=3.0  m=8.69050658739e-08
  0.259443148185  0.00882462313799  0.461406013032  112.911225689  110.000609342  73.220838825  0  0  0
p143  d=3.0  m=8.69050658739e-08
  0.263525878615  0.000777701220747  0.86943392432  58.2823557527  349.110387901  96.508655275  0  0  0
p144  d=3.0  m=8.69050658739e-08
  0.25168684589  0.00851273283268  0.204284083681  332.183619742  226.250447907  211.448887551  0  0  0
p145  d=3.0  m=8.69050658739e-08
  0.272357841282  0.00759565851163  0.441840174083  48.2032894418  285.862545828  20.3690254374  0  0  0
p146  d=3.0  m=8.69050658739e-08
  0.28720916294  0.00280826072325  0.894782892004  9.51812871825  205.153904608  225.49137192  0  0  0
p147  d=3.0  m=8.69050658739e-08
  0.273843335923  0.00439510453084  0.902940253118  303.581513845  178.262030537  163.714993945  0  0  0
p148  d=3.0  m=8.69050658739e-08
  0.276894079251  0.00140626368644  0.83138805523  282.91520527  23.4856593392  221.561295337  0  0  0
p149  d=3.0  m=8.69050658739e-08
  0.280401733081  0.00160606431999  0.139944763625  299.203194773  30.681061875  309.097617573  0  0  0
p150  d=3.0  m=1.31142364954e-07
  0.318409640768  0.00459416437988  0.965964995345  281.235663718  331.901492129  357.823583252  0  0  0
p151  d=3.0  m=1.31142364954e-07
  0.29515290433  0.00433851988699  0.293121600198  195.349611422  265.978356754  213.664168412  0  0  0
p152  d=3.0  m=1.31142364954e-07
  0.297040255041  0.00632421749509  0.654398329104  266.048824379  8.7952928343  17.3344369803  0  0  0
p153  d=3.0  m=1.31142364954e-07
  0.289855775121  0.00412231141314  0.72549012181  94.3497370245  216.601814414  190.040185782  0  0  0
p154  d=3.0  m=1.31142364954e-07
  0.2894839775  0.00385353345006  0.913684462104  326.317933107  348.444738995  220.063664526  0  0  0
p155  d=3.0  m=1.31142364954e-07
  0.274985020928  0.00453062357945  0.503787036603  71.5845926008  107.294261882  165.346388815  0  0  0
p156  d=3.0  m=1.31142364954e-07
  0.295713325738  0.00050731009404  0.00482117194807  93.6384654377  338.857213292  263.565360696  0  0  0
p157  d=3.0  m=1.31142364954e-07
  0.310083533645  0.00438917868761  0.827481491779  180.408304297  357.82327437  67.739447074  0  0  0
p158  d=3.0  m=1.31142364954e-07
  0.32525453813  0.0061418918394  0.369362954613  99.1718508672  157.304989996  210.155925719  0  0  0
p159  d=3.0  m=1.31142364954e-07
  0.289133651057  0.00396763292211  0.106250715655  221.081689121  103.023326369  197.468575749  0  0  0
p160  d=3.0  m=1.19699772945e-07
  0.365426337567  0.00122542984103  0.720530395247  88.4772428836  143.642240173  31.0528025395  0  0  0
p161  d=3.0  m=1.19699772945e-07
  0.348769893577  0.00193638798224  0.0976508678705  316.581847759  238.068430132  124.336549817  0  0  0
p162  d=3.0  m=1.19699772945e-07
  0.340544595864  0.0061025129737  0.350675282041  147.477097079  350.290829431  54.011542317  0  0  0
p163  d=3.0  m=1.19699772945e-07
  0.350081242803  0.00263244275129  0.299722061778  244.644608947  190.255502686  129.670023358  0  0  0
p164  d=3.0  m=1.19699772945e-07
  0.362681556376  0.00916731088403  0.658083339691  202.256986122  106.416450512  132.915554992  0  0  0
p165  d=3.0  m=1.19699772945e-07
  0.368690701684  0.00377744469907  0.84724356593  196.043422391  249.043538607  20.9746265714  0  0  0
p166  d=3.0  m=1.19699772945e-07
  0.33848226411  0.00671762098192  0.213298667764  353.425981366  192.60788951  326.354191876  0  0  0
p167  d=3.0  m=1.19699772945e-07
  0.365527410028  0.00368434925129  0.244183224984  135.187640338  347.176314772  184.941068761  0  0  0
p168  d=3.0  m=1.19699772945e-07
  0.330060700783  0.00151573936051  0.721268492503  231.624652434  284.463865175  263.169285626  0  0  0
p169  d=3.0  m=1.19699772945e-07
  0.340578101079  0.000873699517407  0.651737861222  30.5651269089  126.550352272  357.360404267  0  0  0
p170  d=3.0  m=1.15279685847e-07
  0.368148791093  0.00283395638676  0.209348802262  239.598186164  198.128758297  74.4480196214  0  0  0
p171  d=3.0  m=1.15279685847e-07
  0.364368402967  0.00528858200646  0.998074798962  137.150810125  20.6017942665  115.429189969  0  0  0
p172  d=3.0  m=1.15279685847e-07
  0.373966184214  0.00127097223356  0.0526243891229  302.252672922  36.9518123517  225.122437548  0  0  0
p173  d=3.0  m=1.15279685847e-07
  0.394676930461  0.00505685291547  0.341371641826  34.0092289048  231.582490768  226.889345727  0  0  0
p174  d=3.0  m=1.15279685847e-07
  0.42055452807  0.00314139157633  0.689535562137  158.009202057  223.684025529  71.3678956243  0  0  0
p175  d=3.0  m=1.15279685847e-07
  0.42080783689  0.00579260563766  0.114321358469  69.4269103088  234.746910652  77.1278399058  0  0  0
p176  d=3.0  m=1.15279685847e-07
  0.390333952168  0.00325089481002  0.360927393236  70.8982850289  129.289973585  238.795743456  0  0  0
p177  d=3.0  m=1.15279685847e-07
  0.399779492745  0.00111555213603  0.302041390048  236.120186313  232.371219507  47.6644066537  0  0  0
p178  d=3.0  m=1.15279685847e-07
  0.37596071326  0.00837228962054  0.151994070111  245.522174784  300.051615918  156.659909121  0  0  0
p179  d=3.0  m=1.15279685847e-07
  0.369266223413  0.00487751961089  0.33190597999  291.546617388  341.262050747  97.4514378388  0  0  0
p180  d=3.0  m=1.72207221235e-07
  0.4496987374  0.00629094066988  0.809281009549  25.847718398  95.3168731958  339.907389068  0  0  0
p181  d=3.0  m=1.72207221235e-07
  0.426462053725  0.00475461862285  0.46120645482  149.720612981  96.9506469702  331.592037749  0  0  0
p182  d=3.0  m=1.72207221235e-07
  0.469343964867  0.00092717788858  0.34080797526  221.470393089  110.448301725  55.7688944415  0  0  0
p183  d=3.0  m=1.72207221235e-07
  0.450714614891  0.00771352880169  0.659802639044  30.7647835785  311.108111464  97.0931436194  0  0  0
p184  d=3.0  m=1.72207221235e-07
  0.479703482723  0.00422056130793  0.651711780207  94.774933722  2.3096224926  35.4954571821  0  0  0
p185  d=3.0  m=1.72207221235e-07
  0.452168312271  0.00169772677633  0.329560780159  92.8931697787  161.379992482  85.2699437471  0  0  0
p186  d=3.0  m=1.72207221235e-07
  0.427163921656  0.00595463092514  0.877947001087  285.064112078  302.188795201  356.989088275  0  0  0
p187  d=3.0  m=1.72207221235e-07
  0.479862531507  0.00198568333713  0.85830303136  78.5872153878  351.026920621  61.7815225444  0  0  0
p188  d=3.0  m=1.72207221235e-07
  0.407253565991  0.000667800147731  0.0703553784588  235.745697976  116.989843373  8.46588396366  0  0  0
p189  d=3.0  m=1.72207221235e-07
  0.454794321073  0.00917693070676  0.000215283404379  309.400576645  269.869045542  171.524555336  0  0  0
p190  d=3.0  m=2.38043771682e-07
  0.519789041512  0.0061905193976  0.700293297948  168.741278731  311.3772628  220.914827264  0  0  0
p191  d=3.0  m=2.38043771682e-07
  0.460242360206  0.00993161702405  0.344269362278  108.649544698  75.5520778925  34.5069378007  0  0  0
p192  d=3.0  m=2.38043771682e-07
  0.566566124758  0.0087653858979  0.163166181153  220.68193394  230.938590732  154.104670375  0  0  0
p193  d=3.0  m=2.38043771682e-07
  0.505294138941  0.0092875079058  0.548084183668  41.2624888637  167.408837321  139.491439575  0  0  0
p194  d=3.0  m=2.38043771682e-07
  0.457823052097  0.00601221315163  0.0121767150388  146.165639273  61.7479247225  314.970587876  0  0  0
p195  d=3.0  m=2.38043771682e-07
  0.491705982726  0.00159213515508  0.252238812534  140.279818387  185.664615392  202.202325763  0  0  0
p196  d=3.0  m=2.38043771682e-07
  0.592414010843  0.00469603902415  0.173140623432  313.587594512  188.748261718  14.5026315332  0  0  0
p197  d=3.0  m=2.38043771682e-07
  0.512935243896  0.00983643575652  0.965693836479  194.926142433  78.3830879865  299.873614305  0  0  0
p198  d=3.0  m=2.38043771682e-07
  0.533423595527  0.00690907772721  0.828600749973  203.587922949  146.774247917  145.772737928  0  0  0
p199  d=3.0  m=2.38043771682e-07
  0.462903291586  0.00208816912891  0.818569039707  167.812197279  20.3779202372  38.6447752452  0  0  0
p200  d=3.0  m=2.47380209758e-07
  0.684386882851  0.00364704735526  0.0194102880666  331.877735628  325.997256879  87.0249860772  0  0  0
p201  d=3.0  m=2.47380209758e-07
  0.612923767976  0.00720108446903  0.725955884335  192.7789991  219.932748411  152.065194466  0  0  0
p202  d=3.0  m=2.47380209758e-07
  0.669939198583  0.00332601381001  0.334146658149  43.6331201048  144.266902695  79.0538447871  0  0  0
p203  d=3.0  m=2.47380209758e-07
  0.67776889904  0.000977868324632  0.409772442479  319.921041826  321.921742449  342.024086661  0  0  0
p204  d=3.0  m=2.47380209758e-07
  0.711062711706  0.00261909844269  0.651097147027  118.123685305  134.963021477  60.8503280302  0  0  0
p205  d=3.0  m=2.47380209758e-07
  0.654425836438  0.000268167969766  0.4290993436  261.760542037  30.8561438758  137.698205356  0  0  0
p206  d=3.0  m=2.47380209758e-07
  0.56940960387  0.00164256393411  0.986879286739  326.410474392  278.884828308  208.981647289  0  0  0
p207  d=3.0  m=2.47380209758e-07
  0.594129725713  0.00857670544294  0.477295277612  138.645353965  176.055946987  51.5836469453  0  0  0
p208  d=3.0  m=2.47380209758e-07
  0.697575481334  0.00164769821285  0.668327059536  141.738966884  325.348509128  108.999683268  0  0  0
p209  d=3.0  m=2.47380209758e-07
  0.645793463537  0.00219331733233  0.676801627469  287.935981873  132.059198066  124.08116064  0  0  0
p210  d=3.0  m=1.98054242741e-07
  0.688120700566  0.00585140992463  0.126627526004  154.176181213  358.226153334  238.11294276  0  0  0
p211  d=3.0  m=1.98054242741e-07
  0.758300470196  0.00293733132197  0.980659328951  256.094277709  280.113077595  174.637568163  0  0  0
p212  d=3.0  m=1.98054242741e-07
  0.705492708836  0.000936876243126  0.250953695891  136.583898942  96.8151872596  215.402515918  0  0  0
p213  d=3.0  m=1.98054242741e-07
  0.700649297531  0.00466110046994  0.12630632803  83.1198547092  293.898223663  3.13737924793  0  0  0
p214  d=3.0  m=1.98054242741e-07
  0.721514123569  0.00376100299447  0.0335249688889  14.4184223113  277.663742134  303.879966324  0  0  0
p215  d=3.0  m=1.98054242741e-07
  0.734919638366  0.00920783392706  0.181145607636  111.925310445  135.564537136  171.392833063  0  0  0
p216  d=3.0  m=1.98054242741e-07
  0.827478357696  0.00812518917547  0.91730921073  211.466404847  92.9135132  327.729753881  0  0  0
p217  d=3.0  m=1.98054242741e-07
  0.733896984252  0.00534279443427  0.0753425908121  350.217226582  43.3834137344  187.025680681  0  0  0
p218  d=3.0  m=1.98054242741e-07
  0.737625894819  0.00527823952471  0.026811716089  15.595306426  0.925319165336  144.087659039  0  0  0
p219  d=3.0  m=1.98054242741e-07
  0.785508808964  0.00490135753705  0.50109535798  104.726364174  54.0509768307  359.485772808  0  0  0
p220  d=3.0  m=2.93598234852e-07
  0.978825456196  0.000407548978907  0.73689859131  28.2677090757  324.316603906  154.500249446  0  0  0
p221  d=3.0  m=2.93598234852e-07
  0.815712849225  0.00275524181536  0.644871002356  279.358841188  71.6043156039  156.636062126  0  0  0
p222  d=3.0  m=2.93598234852e-07
  0.997287468913  0.0018826518843  0.560458805813  176.903345215  54.3150779634  295.579057515  0  0  0
p223  d=3.0  m=2.93598234852e-07
  0.80203126936  0.00293398597098  0.323629124954  78.3780101476  232.763500431  161.736336938  0  0  0
p224  d=3.0  m=2.93598234852e-07
  0.822811200025  0.00682473445392  0.0965552729138  77.333891717  305.285223232  356.434756658  0  0  0
p225  d=3.0  m=2.93598234852e-07
  0.924881196997  0.00393135747966  0.373649417153  253.755725401  72.6054750776  353.282166004  0  0  0
p226  d=3.0  m=2.93598234852e-07
  0.945432022166  0.00282812913757  0.674433270526  262.187764414  114.476062865  178.003339823  0  0  0
p227  d=3.0  m=2.93598234852e-07
  0.790701336715  0.00399580781975  0.321239962517  244.47026937  215.717319053  159.398662228  0  0  0
p228  d=3.0  m=2.93598234852e-07
  0.90048407095  0.000207180828066  0.518608395184  212.087680255  272.392877669  139.453885356  0  0  0
p229  d=3.0  m=2.93598234852e-07
  0.964878839004  0.0016347148643  0.0890235988175  293.862092763  341.808707135  125.770949109  0  0  0
