
  0.051362785697  0.00378357094408  0.778273198382  203.933828758  353.89260658  127.995563125  0  0  0
  0.0562420491859  0.00239207178283  0.997708702021  59.4973186714  246.755634573  62.8825869947  0  0  0
  0.0626949354829  0.00336184960994  0.444607483475  188.389392789  306.934104189  119.544046423  0  0  0
  0.0688087775696  0.00902270910016  0.505736862674  328.843614541  227.734551158  16.1738779857  0  0  0
  0.0757549250946  0.000172941234605  0.638429944554  243.810340913  39.0297792789  277.517431267  0  0  0
  0.0848870037842  0.00936738214547  0.365694406554  258.815969001  295.882804255  54.4096581542  0  0  0
  0.0935572342079  0.00748247731283  0.272277154718  140.148851337  149.10583362  159.333317413  0  0  0
  0.10468588501  0.00272980643792  0.649026943797  216.528260591  143.848586515  124.998503179  0  0  0
  0.117454099476  0.00790570480426  0.624584650161  254.296400844  117.326086836  229.989473  0  0  0
  0.132555726079  0.00586122587867  0.24217801236  2.75899743257  179.281842065  79.4290752919  0  0  0
  0.148347136769  0.00219569577022  0.254227376832  175.835384097  238.941671227  293.916169296  0  0  0
  0.16788202691  0.00845554033198  0.689955956745  167.386596067  141.676363519  57.3081512357  0  0  0
  0.195093107743  0.00748854795855  0.996131281576  19.8049555189  101.952861826  272.313421097  0  0  0
  0.227450536496  0.00137401219505  0.403479790185  49.2413832623  352.919215374  27.1431239336  0  0  0
  0.264959292985  0.00313933167201  0.884755332508  61.6311733324  89.7736970043  357.661509833  0  0  0
  0.302852500892  0.00706357079466  0.289215663718  24.8327881518  107.239192008  177.364166025  0  0  0
  0.349956297613  0.00131313017322  0.175600097618  74.2103642293  108.862621618  346.718313109  0  0  0
  0.409872820286  0.00375887080881  0.709035468451  117.60074191  45.2890077739  351.059336242  0  0  0
  0.458277079796  0.00651800386739  0.202972444529  263.236596197  86.9091708061  7.58126933496  0  0  0
  0.517614317171  0.00429495934997  0.576399476095  185.627143237  0.101681485121  187.567143548  0  0  0
  0.59220843423  0.000816826070229  0.265294481128  204.21680628  82.8768290142  9.98559840327  0  0  0
  0.684164465953  0.00607730351157  0.838981267194  280.042341013  28.5279586761  125.035800945  0  0  0
  0.811828650783  0.0014940344978  0.800244724371  145.379779578  258.172211767  297.499945738  0  0  0
  0.972373910381  0.00752894201805  0.492802962445  13.1261208063  302.410570865  337.461525631  0  0  0
