)0+_06 Small-body initial data (WARNING: Do not delete this line!!)
)-------------------------------------------------------
style = Asteroid
epoch=0
e00  d=3.0  m=1.98332180493e-07
  0.0515523552895  0.00536566214162  0.681071506648  137.096355916  245.760022886  233.657643457  0  0  0
e01  d=3.0  m=1.83769961509e-07
  0.0561562020029  0.00488002666544  0.659712535203  357.966656061  184.426287776  294.099439284  0  0  0
e02  d=3.0  m=2.15887840303e-07
  0.0609955799877  0.000256122309475  0.158830982347  224.521504907  68.376925159  275.631382327  0  0  0
e03  d=3.0  m=2.19334258516e-07
  0.0666216476061  0.00664497669683  0.622257091468  108.628525641  311.018225216  108.80508546  0  0  0
e04  d=3.0  m=1.53788441967e-07
  0.0719454216537  0.00998179330551  0.996412703506  60.9967709534  82.0448581993  77.5644083804  0  0  0
e05  d=3.0  m=1.73253229224e-07
  0.0764393621695  0.00382362336805  0.0367875337761  119.795894151  178.327002876  30.623486078  0  0  0
e06  d=3.0  m=2.76757563752e-07
  0.0824802124668  0.00434375547893  0.197827561791  281.562195837  249.731758952  323.140922864  0  0  0
e07  d=3.0  m=2.21016522271e-07
  0.0902470539877  0.00955578058073  0.301412648094  334.638510708  355.451672651  11.2657333768  0  0  0
e08  d=3.0  m=1.97330057467e-07
  0.0969410169087  0.00356596431937  0.659806843818  298.631208614  341.806943801  293.900746631  0  0  0
e09  d=3.0  m=2.63872087436e-07
  0.104109999054  0.00577225846986  0.656829915028  316.818271995  134.834161006  262.262018019  0  0  0
e10  d=3.0  m=3.26320732774e-07
  0.113772241809  0.0046195923211  0.604190015446  235.970188803  126.197322985  89.0128520177  0  0  0
e11  d=3.0  m=3.79851351958e-07
  0.126005689658  0.00249965763766  0.311804718074  264.377852767  349.409276634  115.404984825  0  0  0
e12  d=3.0  m=3.32365946384e-07
  0.139578630234  0.00749907671355  0.896179411146  330.001631244  221.770792677  72.5898548989  0  0  0
e13  d=3.0  m=2.99334402247e-07
  0.152161879307  0.00807326789278  0.271606776204  349.882371545  240.526494296  256.951033017  0  0  0
e14  d=3.0  m=4.76290175335e-07
  0.166916218271  0.00145364463024  0.535752719898  212.86601904  269.955612103  312.855672101  0  0  0
e15  d=3.0  m=4.97332399534e-07
  0.187755432932  0.00217798473713  0.878497976351  176.647052789  77.6379124884  237.858729471  0  0  0
e16  d=3.0  m=3.74217900219e-07
  0.208498307514  0.000502382657161  0.63004032826  185.881230006  230.678676361  187.701719393  0  0  0
e17  d=3.0  m=3.71805222265e-07
  0.22636594023  0.0011097351788  0.849124246094  174.647128249  276.326333607  320.587886703  0  0  0
e18  d=3.0  m=4.69830596306e-07
  0.246599694749  0.00267943900849  0.99972991039  81.532129381  147.177309696  78.8882161699  0  0  0
e19  d=3.0  m=4.08703670935e-07
  0.269999832563  0.00211556740704  0.402421159481  89.7329060525  163.235369594  66.5240990243  0  0  0
e20  d=3.0  m=5.5522581976e-07
  0.295030967675  0.00802399109888  0.975774924814  164.636606521  346.547293231  323.921222868  0  0  0
e21  d=3.0  m=5.01335083407e-07
  0.325677357084  0.000732513371693  0.695943538444  337.586925414  103.396511227  52.8800594388  0  0  0
e22  d=3.0  m=7.13305312454e-07
  0.360150135399  0.00173923043839  0.189439948787  324.459530938  316.403647342  203.643422238  0  0  0
e23  d=3.0  m=7.12037275141e-07
  0.40527774566  0.00613690062448  0.270845140363  308.849671442  57.72986697  257.69925745  0  0  0
e24  d=3.0  m=8.47355992105e-07
  0.456247599524  0.00401022151755  0.0605114905348  272.043360203  303.143830254  304.452273564  0  0  0
e25  d=3.0  m=1.02395926808e-06
  0.521175594872  0.00766451492102  0.5811601926  128.116291655  34.9361188833  109.942432367  0  0  0
e26  d=3.0  m=7.56407189182e-07
  0.592186049692  0.00447972345434  0.0734228266522  38.5980276033  293.88985161  10.4487338193  0  0  0
e27  d=3.0  m=7.68749241017e-07
  0.653728773242  0.00916438083896  0.527966806577  186.847420104  277.456316855  293.879640321  0  0  0
e28  d=3.0  m=1.27447483315e-06
  0.734206076051  0.00985529197013  0.986118110736  334.441507117  312.314048129  191.779872254  0  0  0
e29  d=3.0  m=1.01846761727e-06
  0.841679674242  0.00404738699024  0.944653291931  130.160570078  283.700389254  324.295696477  0  0  0
e30  d=3.0  m=1.24057132527e-06
  0.947708391529  0.00601204232539  0.626007076364  325.340550651  170.673294503  153.525674126  0  0  0
