)0+_06 Small-body initial data (WARNING: Do not delete this line!!)
)-------------------------------------------------------
style = Asteroid
p000  d=3.0  m=1.98332180493e-08
  0.049153782697  0.00377070398766  0.71326116718  139.638196485  8.07043809692  55.9579076332  0  0  0
p001  d=3.0  m=1.98332180493e-08
  0.04968434297  0.00982134221354  0.33096424962  120.490518545  350.757127839  34.7079555056  0  0  0
p002  d=3.0  m=1.98332180493e-08
  0.0526329500246  0.00393047248045  0.127227466306  100.314646653  208.550756718  145.168847154  0  0  0
p003  d=3.0  m=1.98332180493e-08
  0.0519175958422  0.000361689523295  0.844328512903  235.577153737  310.173477172  31.3170536487  0  0  0
p004  d=3.0  m=1.98332180493e-08
  0.0525568509395  0.00982688678332  0.195993796735  318.359259944  352.503462098  314.673417356  0  0  0
p005  d=3.0  m=1.98332180493e-08
  0.0486129484061  0.00870754430579  0.561233015257  68.4741746693  42.520729918  101.449695318  0  0  0
p006  d=3.0  m=1.98332180493e-08
  0.0521753770438  0.00772826688383  0.25902692949  291.060529121  283.508383064  9.2090959226  0  0  0
p007  d=3.0  m=1.98332180493e-08
  0.0494556371503  0.00818683680385  0.641363004563  330.26620549  175.109123243  227.289740976  0  0  0
p008  d=3.0  m=1.98332180493e-08
  0.0531533968459  0.0050663929142  0.385877476122  1.3787488759  82.1350952687  327.110953124  0  0  0
p009  d=3.0  m=1.98332180493e-08
  0.0533811282758  0.00971906354146  0.0129907850834  334.911815272  27.929873712  246.216965914  0  0  0
p010  d=3.0  m=1.83769961509e-08
  0.0541215876579  0.000457962137375  0.0393886204512  157.902268005  286.397642762  254.22055743  0  0  0
p011  d=3.0  m=1.83769961509e-08
  0.0557977350002  0.003448564969  0.769794592758  221.147276625  85.5244428054  228.495248617  0  0  0
p012  d=3.0  m=1.83769961509e-08
  0.0575986711393  0.00534389348097  0.482932586779  144.145349813  349.99243899  311.630796108  0  0  0
p013  d=3.0  m=1.83769961509e-08
  0.053880901375  0.00669701997833  0.0806788074997  128.697040712  9.21619647131  217.150307365  0  0  0
p014  d=3.0  m=1.83769961509e-08
  0.0586251159802  0.00324180627012  0.329553795363  262.749856098  78.1925378832  36.4231879894  0  0  0
p015  d=3.0  m=1.83769961509e-08
  0.0578700105962  0.0011209425892  0.445845312849  249.991163464  114.110129128  123.402202019  0  0  0
p016  d=3.0  m=1.83769961509e-08
  0.0591516494802  0.00835068780725  0.996140277892  284.480420525  329.797770685  334.958690246  0  0  0
p017  d=3.0  m=1.83769961509e-08
  0.0547489708562  0.009982032563  0.450804643391  91.9242666252  201.05454309  320.211883397  0  0  0
p018  d=3.0  m=1.83769961509e-08
  0.055646659978  0.00187493482094  0.121918306836  322.821367505  294.298942786  339.102183338  0  0  0
p019  d=3.0  m=1.83769961509e-08
  0.0553309247989  0.00953851112712  0.706130867508  298.079169217  204.421763856  359.98109332  0  0  0
p020  d=3.0  m=2.15887840303e-08
  0.0612352522538  0.00286892303664  0.608865792018  339.926474773  248.637144163  86.4443523715  0  0  0
p021  d=3.0  m=2.15887840303e-08
  0.0598019624138  0.00850081506195  0.81805029706  214.939397499  292.472529553  9.35811681175  0  0  0
p022  d=3.0  m=2.15887840303e-08
  0.0593241011135  0.00889557032928  0.248439800692  8.04210806937  15.7168695702  101.346194222  0  0  0
p023  d=3.0  m=2.15887840303e-08
  0.0614335070447  0.00808940617369  0.0938212869516  28.8391342204  294.615990052  302.937923554  0  0  0
p024  d=3.0  m=2.15887840303e-08
  0.0642132297606  0.00121725469457  0.483036384588  136.11431188  189.907398882  57.6983095457  0  0  0
p025  d=3.0  m=2.15887840303e-08
  0.0603799225869  0.00185257619428  0.625703596939  177.050651125  20.851865301  142.109105883  0  0  0
p026  d=3.0  m=2.15887840303e-08
  0.0607730824587  0.00886130500884  0.430838687451  326.614434314  334.673604838  74.3008313775  0  0  0
p027  d=3.0  m=2.15887840303e-08
  0.0620625501975  0.00587723297388  0.333860270341  8.03819538108  330.344679961  316.987630353  0  0  0
p028  d=3.0  m=2.15887840303e-08
  0.0621657216745  0.003674661446  0.747345379299  199.061118736  98.2707304945  343.591981369  0  0  0
p029  d=3.0  m=2.15887840303e-08
  0.0614155961023  0.00369178814339  0.514809599656  5.42391376422  59.8643590758  310.358587559  0  0  0
p030  d=3.0  m=2.19334258516e-08
  0.0635358333149  0.00829567684443  0.00178752235483  181.643783932  185.160726897  266.907159361  0  0  0
p031  d=3.0  m=2.19334258516e-08
  0.0669056397441  0.000500419406246  0.0743062766638  309.853657283  341.068592461  289.281645349  0  0  0
p032  d=3.0  m=2.19334258516e-08
  0.0678262459228  0.00717200879663  0.981957154919  47.9582593961  104.233113424  75.0537388149  0  0  0
p033  d=3.0  m=2.19334258516e-08
  0.0702757993954  0.00859327828338  0.1748552879  201.256516212  279.132680796  146.380364437  0  0  0
p034  d=3.0  m=2.19334258516e-08
  0.0684609193515  0.00127593858541  0.958969537821  54.6762897599  16.5786083838  351.641131557  0  0  0
p035  d=3.0  m=2.19334258516e-08
  0.0656527651903  0.000354672578791  0.518315680527  219.036061142  188.530928026  17.1135923137  0  0  0
p036  d=3.0  m=2.19334258516e-08
  0.0667306190847  0.00151146032649  0.27244004438  225.198599655  97.4919691128  166.960594501  0  0  0
p037  d=3.0  m=2.19334258516e-08
  0.0700063240968  0.00887164142774  0.584961285688  68.1101617425  245.410169454  182.234974021  0  0  0
p038  d=3.0  m=2.19334258516e-08
  0.0701869382154  0.00681965344747  0.798327514926  349.348270383  12.671385798  313.64202324  0  0  0
p039  d=3.0  m=2.19334258516e-08
  0.0676400280687  0.000957382769603  0.849279890067  30.3155812849  139.558946668  171.752994877  0  0  0
p040  d=3.0  m=1.53788441967e-08
  0.0713763650211  0.00741432461028  0.0982534834197  283.202758563  344.701030433  359.029644801  0  0  0
p041  d=3.0  m=1.53788441967e-08
  0.0712341323652  0.00489092086271  0.905541376664  329.232445715  148.975741245  123.187390865  0  0  0
p042  d=3.0  m=1.53788441967e-08
  0.069732565867  0.00516690889333  0.28678113779  42.01478997  280.001396446  202.125075224  0  0  0
p043  d=3.0  m=1.53788441967e-08
  0.0735303525321  0.0056175175592  0.177664315591  50.6349911046  215.623480162  251.948614484  0  0  0
p044  d=3.0  m=1.53788441967e-08
  0.0724520747584  0.00795410967135  0.137848198081  226.417495143  209.106933985  305.144521057  0  0  0
p045  d=3.0  m=1.53788441967e-08
  0.0741276333796  0.00298764449747  0.379767650228  248.940178818  249.516392637  305.708191173  0  0  0
p046  d=3.0  m=1.53788441967e-08
  0.0699460086472  0.00771254973483  0.993101724043  292.258217649  251.146621689  352.916612475  0  0  0
p047  d=3.0  m=1.53788441967e-08
  0.070246316921  0.00892181773703  0.732688449816  116.137177789  114.177499565  217.503475582  0  0  0
p048  d=3.0  m=1.53788441967e-08
  0.0691573699853  0.0019132139497  0.0872081607789  299.598347347  256.624631681  309.242846053  0  0  0
p049  d=3.0  m=1.53788441967e-08
  0.0740206376754  0.00588837715922  0.868625183552  59.0533263965  72.5614788678  231.004785245  0  0  0
p050  d=3.0  m=1.73253229224e-08
  0.0752958247975  0.0015865459309  0.828187885495  358.641519516  157.199094652  103.893163867  0  0  0
p051  d=3.0  m=1.73253229224e-08
  0.0786194581497  0.00755588828324  0.650834964349  11.9473202469  117.396901006  79.2167348692  0  0  0
p052  d=3.0  m=1.73253229224e-08
  0.0782234497139  0.00813799770427  0.225859061577  307.059074353  31.1219744987  128.414901459  0  0  0
p053  d=3.0  m=1.73253229224e-08
  0.0777187428146  0.0043188123908  0.781389848952  30.7304116144  241.232453989  346.920760455  0  0  0
p054  d=3.0  m=1.73253229224e-08
  0.0770946604688  0.00422529503068  0.951022516152  200.58701898  331.332291562  5.81270059179  0  0  0
p055  d=3.0  m=1.73253229224e-08
  0.076890921092  0.00987513332347  0.307430185157  90.1758855538  89.656400719  215.036389309  0  0  0
p056  d=3.0  m=1.73253229224e-08
  0.0731786811003  0.00110003334247  0.302863946299  340.116929341  324.179451272  350.591265606  0  0  0
p057  d=3.0  m=1.73253229224e-08
  0.079293861208  0.00119256248755  0.00428899819482  138.187201797  284.083616363  235.583167422  0  0  0
p058  d=3.0  m=1.73253229224e-08
  0.07888841509  0.000837994313337  0.00846130890425  160.887379343  296.512834154  99.9565260994  0  0  0
p059  d=3.0  m=1.73253229224e-08
  0.0795188867856  0.0085437839558  0.661107673953  292.533787983  165.507059287  38.2983493658  0  0  0
p060  d=3.0  m=2.76757563752e-08
  0.0857176139159  0.00813093137447  0.96342531715  263.066553277  233.192297455  113.024987838  0  0  0
p061  d=3.0  m=2.76757563752e-08
  0.0831543718943  0.000960254157883  0.0224064121589  221.88942867  23.3119844357  332.971900257  0  0  0
p062  d=3.0  m=2.76757563752e-08
  0.0817080811919  0.0056797266223  0.00161535168373  288.184904088  345.27844204  81.5076011038  0  0  0
p063  d=3.0  m=2.76757563752e-08
  0.0795970090501  0.00286837808314  0.195377953363  131.958416894  218.418354189  182.382242295  0  0  0
p064  d=3.0  m=2.76757563752e-08
  0.0795085366501  0.00879304852532  0.574756301103  245.82149556  262.196392674  295.281848547  0  0  0
p065  d=3.0  m=2.76757563752e-08
  0.0867266267227  0.00705159573167  0.0867755880793  332.564637668  72.5231419386  75.0030312282  0  0  0
p066  d=3.0  m=2.76757563752e-08
  0.0817686990499  0.00368054289162  0.800174203248  297.534931502  139.386859277  138.000371804  0  0  0
p067  d=3.0  m=2.76757563752e-08
  0.0783431287961  0.00359447625871  0.960570295145  330.487686384  26.2495376822  238.77507211  0  0  0
p068  d=3.0  m=2.76757563752e-08
  0.0818875691564  0.00397439740238  0.145391789918  338.972002101  81.0763701531  34.338300619  0  0  0
p069  d=3.0  m=2.76757563752e-08
  0.0795040986241  0.00771533528431  0.193600915929  191.523035193  135.751237756  65.2818680933  0  0  0
p070  d=3.0  m=2.21016522271e-08
  0.0871538337512  0.00645855181888  0.0700586591364  92.6420375771  5.78417650026  226.035621973  0  0  0
p071  d=3.0  m=2.21016522271e-08
  0.0915762833517  0.000534527156032  0.96353730484  110.654079265  126.306310655  132.722197574  0  0  0
p072  d=3.0  m=2.21016522271e-08
  0.0936446871572  0.00755755177597  0.641701063855  207.809691452  118.604044988  344.567702075  0  0  0
p073  d=3.0  m=2.21016522271e-08
  0.0907471076384  0.00434721390268  0.07152392769  135.127698895  118.089152803  348.368388744  0  0  0
p074  d=3.0  m=2.21016522271e-08
  0.0913869647692  0.00244361641239  0.76017378671  246.464600142  7.26359701103  253.330323318  0  0  0
p075  d=3.0  m=2.21016522271e-08
  0.093669708162  0.00701619070717  0.381986559349  103.34747507  250.111202193  81.5856412296  0  0  0
p076  d=3.0  m=2.21016522271e-08
  0.0861359004304  0.00190348469418  0.400780982874  278.736731941  197.129861034  232.077321279  0  0  0
p077  d=3.0  m=2.21016522271e-08
  0.085870047176  0.00240402054741  0.729037692579  82.1761610332  26.6366371538  224.032060527  0  0  0
p078  d=3.0  m=2.21016522271e-08
  0.0892672501029  0.0036192175658  0.73407808646  348.98460067  266.031061938  196.2557545  0  0  0
p079  d=3.0  m=2.21016522271e-08
  0.0882496471761  0.00616757041912  0.956748920937  214.74254888  94.250684713  121.817914611  0  0  0
p080  d=3.0  m=1.97330057467e-08
  0.10016517086  0.00140765832586  0.254879687973  222.315668462  247.434445267  21.259436748  0  0  0
p081  d=3.0  m=1.97330057467e-08
  0.0941870825985  0.00167614772045  0.14198709093  127.843556625  191.386471468  297.746198486  0  0  0
p082  d=3.0  m=1.97330057467e-08
  0.100879286196  0.00480368613682  0.573768959545  178.093979347  320.2701341  266.600303231  0  0  0
p083  d=3.0  m=1.97330057467e-08
  0.0990039713116  0.00336516547669  0.755045108851  154.907360837  227.08577952  35.097555505  0  0  0
p084  d=3.0  m=1.97330057467e-08
  0.0968804647406  0.0013014450229  0.761709364196  162.410390046  210.237248801  293.234317632  0  0  0
p085  d=3.0  m=1.97330057467e-08
  0.10089242485  0.00220958992574  0.617719784491  274.545818618  138.281997239  63.0993389417  0  0  0
p086  d=3.0  m=1.97330057467e-08
  0.100888562882  0.00824443255895  0.229383846598  277.329728997  187.226652932  149.451016458  0  0  0
p087  d=3.0  m=1.97330057467e-08
  0.0943136299067  0.00679432479699  0.218483501041  54.3149705865  155.276248189  329.489551894  0  0  0
p088  d=3.0  m=1.97330057467e-08
  0.0964088952288  0.00521180750546  0.925555259248  179.461133636  344.731665026  204.037077743  0  0  0
p089  d=3.0  m=1.97330057467e-08
  0.0973590373451  0.00627665038709  0.234026256421  194.316329213  290.870784736  322.49459737  0  0  0
p090  d=3.0  m=2.63872087436e-08
  0.0994592370542  0.00225682609301  0.973806189313  262.069801521  168.246500949  92.7905221136  0  0  0
p091  d=3.0  m=2.63872087436e-08
  0.104087628798  0.00334960115551  0.777912728082  151.240786651  120.534540371  82.4576705014  0  0  0
p092  d=3.0  m=2.63872087436e-08
  0.105906527569  0.00457228102927  0.544868208157  232.099371371  88.3071608331  71.812961398  0  0  0
p093  d=3.0  m=2.63872087436e-08
  0.099534117392  0.00974602015165  0.310539223126  214.003759886  284.838252411  320.954685952  0  0  0
p094  d=3.0  m=2.63872087436e-08
  0.107902162563  0.00772192420672  0.51681102118  198.737617927  261.454198774  19.1613868752  0  0  0
p095  d=3.0  m=2.63872087436e-08
  0.106655453598  0.00859136862574  0.247545903785  257.036868071  329.536263985  174.885925682  0  0  0
p096  d=3.0  m=2.63872087436e-08
  0.101507194974  0.00401708548531  0.147484357905  106.126208713  89.2517466824  273.531388173  0  0  0
p097  d=3.0  m=2.63872087436e-08
  0.107376125426  0.000480559219188  0.527534746822  245.604439433  135.979687988  322.847233338  0  0  0
p098  d=3.0  m=2.63872087436e-08
  0.106742770868  0.00270448586544  0.231644711485  204.287488034  110.180649074  338.018251214  0  0  0
p099  d=3.0  m=2.63872087436e-08
  0.106343562213  0.00740945300361  0.892633622043  258.020348339  31.5391671475  257.734511099  0  0  0
p100  d=3.0  m=3.26320732774e-08
  0.11521312537  0.00869432252084  0.720814832137  97.422933197  64.5478616704  288.911387502  0  0  0
p101  d=3.0  m=3.26320732774e-08
  0.106923072975  0.00491180306469  0.386898510989  272.425998575  314.876358552  45.3835711953  0  0  0
p102  d=3.0  m=3.26320732774e-08
  0.109859752836  0.00257990582301  0.0827146880877  49.4941152308  86.4999956895  95.0838014256  0  0  0
p103  d=3.0  m=3.26320732774e-08
  0.119184629257  0.00969067484674  0.438221059954  313.895031725  80.3547902091  77.5908909678  0  0  0
p104  d=3.0  m=3.26320732774e-08
  0.12005567043  0.00134837449304  0.689801222177  40.8647614952  197.963869759  22.1119189782  0  0  0
p105  d=3.0  m=3.26320732774e-08
  0.118571949284  0.00288857367709  0.77628294345  95.6745709552  169.137440374  81.1061676006  0  0  0
p106  d=3.0  m=3.26320732774e-08
  0.109558807679  0.00394566662622  0.566847006994  96.6493735546  243.367087558  59.6585395214  0  0  0
p107  d=3.0  m=3.26320732774e-08
  0.108104324378  0.00949873704484  0.43503559278  85.3087689311  98.585349507  136.542835537  0  0  0
p108  d=3.0  m=3.26320732774e-08
  0.10725528323  0.00370486860538  0.191176652705  287.965211458  110.815755218  325.474958117  0  0  0
p109  d=3.0  m=3.26320732774e-08
  0.11392282215  0.00887614980633  0.419199803956  278.15594572  278.132540925  48.5667288786  0  0  0
p110  d=3.0  m=3.79851351958e-08
  0.126859633047  0.000807376154047  0.464381512525  299.947555879  74.2955162948  227.519091904  0  0  0
p111  d=3.0  m=3.79851351958e-08
  0.125376795776  0.00914877206681  0.904696611956  150.488237371  86.2852040786  316.998810691  0  0  0
p112  d=3.0  m=3.79851351958e-08
  0.129866508641  0.00478340361254  0.602576594281  353.598702326  316.903886303  323.662270317  0  0  0
p113  d=3.0  m=3.79851351958e-08
  0.132966394625  0.000643399787341  0.519064460385  36.5460856483  43.8183855856  233.003180025  0  0  0
p114  d=3.0  m=3.79851351958e-08
  0.131125676372  0.000641485644334  0.0826504977364  91.5793372222  244.137264131  221.853602316  0  0  0
p115  d=3.0  m=3.79851351958e-08
  0.131535538852  0.00385077299208  0.709903459739  155.830313885  182.44110529  163.465567662  0  0  0
p116  d=3.0  m=3.79851351958e-08
  0.131687962337  0.00961632829834  0.872366775413  131.015102651  143.271060264  59.6350163995  0  0  0
p117  d=3.0  m=3.79851351958e-08
  0.123378703586  0.00956195488881  0.5152962469  335.504847473  81.9383354545  239.049857321  0  0  0
p118  d=3.0  m=3.79851351958e-08
  0.123992106941  0.00543490161463  0.882451381308  9.97075682952  59.7421687784  260.383602151  0  0  0
p119  d=3.0  m=3.79851351958e-08
  0.120933795867  0.00218944947842  0.539091175482  130.16122493  104.558752885  274.329566336  0  0  0
p120  d=3.0  m=3.32365946384e-08
  0.14711411759  0.00933437501165  0.487629548361  351.232100619  341.478769051  74.3731286563  0  0  0
p121  d=3.0  m=3.32365946384e-08
  0.131489491586  0.00735395832108  0.709813411558  101.164502069  156.086846586  245.682990507  0  0  0
p122  d=3.0  m=3.32365946384e-08
  0.137536227733  0.000172924077639  0.703299529867  21.2785745833  239.33784215  26.0449357665  0  0  0
p123  d=3.0  m=3.32365946384e-08
  0.148037031233  0.00373753950038  0.148314990219  80.449674  232.021115772  291.789221657  0  0  0
p124  d=3.0  m=3.32365946384e-08
  0.13975597671  0.00621009436076  0.767316339144  51.030988547  160.281774568  328.07906537  0  0  0
p125  d=3.0  m=3.32365946384e-08
  0.140327868907  0.00529231109944  0.426080422826  180.097493883  79.92203278  6.716452671  0  0  0
p126  d=3.0  m=3.32365946384e-08
  0.139203246953  0.00476811025378  0.937127345122  89.4920431141  131.301207023  214.911125079  0  0  0
p127  d=3.0  m=3.32365946384e-08
  0.144625297356  0.00581119219192  0.862494715381  340.305675952  5.14779991397  134.907582325  0  0  0
p128  d=3.0  m=3.32365946384e-08
  0.139333824001  0.00515172462297  0.314643549  303.882362272  269.829030674  267.669530386  0  0  0
p129  d=3.0  m=3.32365946384e-08
  0.144930481672  0.00267629804092  0.132118999907  220.437659208  65.0592125695  286.42723154  0  0  0
p130  d=3.0  m=2.99334402247e-08
  0.14713748007  0.000915595672303  0.75066530577  194.39009246  338.707309354  70.0750030137  0  0  0
p131  d=3.0  m=2.99334402247e-08
  0.148751089016  0.00728698499801  0.538426256323  32.916425344  196.118325575  229.10656513  0  0  0
p132  d=3.0  m=2.99334402247e-08
  0.147515988861  5.36234630992e-05  0.199899122554  190.411818939  340.920223009  185.297604078  0  0  0
p133  d=3.0  m=2.99334402247e-08
  0.150399139171  0.00108112446095  0.675199692003  287.813883298  326.442348908  13.2753509998  0  0  0
p134  d=3.0  m=2.99334402247e-08
  0.152953148684  0.00858048322493  0.27676205172  113.335168425  160.100513027  297.234736161  0  0  0
p135  d=3.0  m=2.99334402247e-08
  0.14551823432  0.00688822392059  0.0905827839016  114.495984611  149.105216069  34.2261828594  0  0  0
p136  d=3.0  m=2.99334402247e-08
  0.148625887336  0.00235735279642  0.486650790433  359.265293566  336.41187271  166.837602891  0  0  0
p137  d=3.0  m=2.99334402247e-08
  0.159962379179  0.00417264382884  0.377056020095  243.758800575  93.6776187425  50.1738659616  0  0  0
p138  d=3.0  m=2.99334402247e-08
  0.146467765171  0.000706513982633  0.447080493018  55.9513740164  10.2036429679  146.630186315  0  0  0
p139  d=3.0  m=2.99334402247e-08
  0.145713689967  0.00354759596984  0.0749298824624  147.757396797  275.484626074  171.240065907  0  0  0
p140  d=3.0  m=4.76290175335e-08
  0.153790297143  0.00832113279308  0.425359815197  149.887321808  162.616448236  221.035259263  0  0  0
p141  d=3.0  m=4.76290175335e-08
  0.156944893587  0.00943598882394  0.441176679049  306.32073363  290.449225129  28.2957161399  0  0  0
p142  d=3.0  m=4.76290175335e-08
  0.156195941154  0.00194494080582  0.370038782697  28.4932785904  167.647874051  239.638874106  0  0  0
p143  d=3.0  m=4.76290175335e-08
  0.15923891451  0.00324819760465  0.708885946731  125.796129924  357.125799982  218.168542863  0  0  0
p144  d=3.0  m=4.76290175335e-08
  0.15600537861  0.00634469447097  0.276696335227  34.5961775106  296.068285288  352.850707173  0  0  0
p145  d=3.0  m=4.76290175335e-08
  0.179142342252  0.00563287659375  0.557623162469  295.431527621  264.920068026  52.7642383395  0  0  0
p146  d=3.0  m=4.76290175335e-08
  0.155010863458  0.00905194894532  0.953774632198  86.2540150612  230.742465551  199.778650367  0  0  0
p147  d=3.0  m=4.76290175335e-08
  0.163169664793  0.00662799516769  0.493534999586  21.3676982197  125.780928062  198.016965286  0  0  0
p148  d=3.0  m=4.76290175335e-08
  0.176190835949  0.00822261353504  0.850239831124  40.2328706572  290.730956864  307.11371137  0  0  0
p149  d=3.0  m=4.76290175335e-08
  0.162901696019  0.00484272491037  0.4814338853  41.1687038971  181.077060112  106.161725387  0  0  0
p150  d=3.0  m=4.97332399534e-08
  0.17703887131  0.00357418997265  0.539445848826  261.563412511  92.6616713108  289.590910513  0  0  0
p151  d=3.0  m=4.97332399534e-08
  0.181497761283  0.00587988867582  0.0512115681314  358.300814523  16.3741899237  139.131440241  0  0  0
p152  d=3.0  m=4.97332399534e-08
  0.175711371193  0.00122129287549  0.405278246977  108.694181868  338.557459315  206.953946961  0  0  0
p153  d=3.0  m=4.97332399534e-08
  0.186115042414  0.00609595416728  0.565914903433  106.227595739  166.223263556  149.834987111  0  0  0
p154  d=3.0  m=4.97332399534e-08
  0.192403661749  0.00291086791021  0.286516810447  358.495851508  68.4177896  57.9885940794  0  0  0
p155  d=3.0  m=4.97332399534e-08
  0.190298921928  0.0075882591208  0.065637313065  346.577024846  251.406678517  63.0670777112  0  0  0
p156  d=3.0  m=4.97332399534e-08
  0.180833391958  0.00211715987728  0.828509299678  273.69689609  186.154544139  104.503288889  0  0  0
p157  d=3.0  m=4.97332399534e-08
  0.185002849427  0.00763469376488  0.177073712799  239.278024723  281.044319452  195.523368421  0  0  0
p158  d=3.0  m=4.97332399534e-08
  0.179554639564  0.00134045321499  0.0330732181409  152.223192762  73.2182333234  67.2336265514  0  0  0
p159  d=3.0  m=4.97332399534e-08
  0.175653430352  0.00147142333709  0.901130595621  356.883423872  333.731422786  304.820750214  0  0  0
p160  d=3.0  m=3.74217900219e-08
  0.202294106593  0.00244124015426  0.00963222234938  1.69429275259  264.345325526  324.010581872  0  0  0
p161  d=3.0  m=3.74217900219e-08
  0.199474981902  0.00024522218122  0.244314056447  124.344130375  63.1374207947  242.65174771  0  0  0
p162  d=3.0  m=3.74217900219e-08
  0.206904342588  0.0015426930398  0.562591427907  264.520618459  224.187922639  117.115549836  0  0  0
p163  d=3.0  m=3.74217900219e-08
  0.211756435999  0.00461503597965  0.186819285323  302.275584704  105.060524916  138.786818196  0  0  0
p164  d=3.0  m=3.74217900219e-08
  0.216250716956  0.00358228020244  0.98237744921  139.044272701  30.4785836351  183.500660214  0  0  0
p165  d=3.0  m=3.74217900219e-08
  0.205056964626  0.0035828484238  0.599598750469  43.4945456468  27.0527119291  170.638308638  0  0  0
p166  d=3.0  m=3.74217900219e-08
  0.208171935272  0.00342495987762  0.984486558094  269.205018418  109.719608599  341.123069109  0  0  0
p167  d=3.0  m=3.74217900219e-08
  0.199061366638  0.00983294761234  0.133334475522  153.731083706  253.660836752  242.735237068  0  0  0
p168  d=3.0  m=3.74217900219e-08
  0.210017764063  0.003698433659  0.928980809132  336.711005698  146.814132087  311.205774003  0  0  0
p169  d=3.0  m=3.74217900219e-08
  0.197644350387  0.000355395711278  0.826777218953  107.222347928  96.155692055  320.5549709  0  0  0
p170  d=3.0  m=3.71805222265e-08
  0.225057004202  0.0092614832116  0.603496403542  54.0945697365  279.02857066  149.404424474  0  0  0
p171  d=3.0  m=3.71805222265e-08
  0.230248282517  0.00242155979239  0.55768870808  183.337104803  254.928770914  151.459040914  0  0  0
p172  d=3.0  m=3.71805222265e-08
  0.221240426404  0.00646999400083  0.496399396363  98.6781135935  68.5635643015  5.57930755047  0  0  0
p173  d=3.0  m=3.71805222265e-08
  0.229314986994  0.000413304790354  0.409071865324  307.610289394  220.877576238  40.5873085909  0  0  0
p174  d=3.0  m=3.71805222265e-08
  0.229463492165  0.000422683086978  0.839261522741  222.616516768  303.576187715  346.801084963  0  0  0
p175  d=3.0  m=3.71805222265e-08
  0.218145576732  0.00402421399931  0.510890218608  86.3180280864  61.7934918604  128.903078444  0  0  0
p176  d=3.0  m=3.71805222265e-08
  0.216131170871  0.00360929395993  0.34873272929  91.2409544581  224.758801206  287.244498345  0  0  0
p177  d=3.0  m=3.71805222265e-08
  0.235798818489  0.00994454556454  0.227497706812  149.420648461  310.093807779  60.0693397191  0  0  0
p178  d=3.0  m=3.71805222265e-08
  0.222930197302  0.0058369698913  0.768873592785  334.604201337  271.02622728  121.888121164  0  0  0
p179  d=3.0  m=3.71805222265e-08
  0.232919404228  0.00357006596275  0.440676342823  269.829019606  307.031778636  15.4782284172  0  0  0
p180  d=3.0  m=4.69830596306e-08
  0.238125723086  0.00842606168054  0.412576501203  75.8612438906  34.8082635683  141.338254218  0  0  0
p181  d=3.0  m=4.69830596306e-08
  0.249042519041  0.00680083613897  0.365271859411  137.725972472  37.191512121  17.550567458  0  0  0
p182  d=3.0  m=4.69830596306e-08
  0.262122974086  0.0095014405278  0.383486381058  254.519467581  312.314917529  0.00686001822899  0  0  0
p183  d=3.0  m=4.69830596306e-08
  0.24902533962  0.00858203348  0.160608836043  119.493360669  233.919636193  286.036539701  0  0  0
p184  d=3.0  m=4.69830596306e-08
  0.231246273011  0.00754623218551  0.349912371264  166.69448244  356.590437558  201.146343169  0  0  0
p185  d=3.0  m=4.69830596306e-08
  0.248496366018  0.00189397840209  0.323968580004  134.081157121  147.31649077  280.934712303  0  0  0
p186  d=3.0  m=4.69830596306e-08
  0.253528808515  0.000220152885319  0.309149128465  174.957114692  160.839055413  29.9032756677  0  0  0
p187  d=3.0  m=4.69830596306e-08
  0.243747529355  0.0066083739487  0.566940105154  215.760071008  221.478856823  16.5923411964  0  0  0
p188  d=3.0  m=4.69830596306e-08
  0.239457261482  0.00409828260984  0.170561871685  214.095741232  43.539962614  39.8634070485  0  0  0
p189  d=3.0  m=4.69830596306e-08
  0.259094738518  0.00321261985069  0.189150831845  196.823417713  255.289253655  132.342568124  0  0  0
p190  d=3.0  m=4.08703670935e-08
  0.256892818395  0.002885861732  0.154960275282  223.942023512  102.695693032  82.6174195551  0  0  0
p191  d=3.0  m=4.08703670935e-08
  0.265947721145  0.00932690066898  0.863439879627  3.18148128626  131.971066091  56.3344916908  0  0  0
p192  d=3.0  m=4.08703670935e-08
  0.272855350061  0.00586961993287  0.695556499569  350.244218924  300.344365358  222.246123634  0  0  0
p193  d=3.0  m=4.08703670935e-08
  0.256392842748  0.00832885012424  0.687627472914  291.501249023  96.4418596863  68.1663557184  0  0  0
p194  d=3.0  m=4.08703670935e-08
  0.283400607326  0.00272208950308  0.151981890797  139.334439574  223.776860651  239.794410512  0  0  0
p195  d=3.0  m=4.08703670935e-08
  0.258808957067  0.00378956806639  0.71539548559  187.999826025  64.9648410244  1.30336698672  0  0  0
p196  d=3.0  m=4.08703670935e-08
  0.256105536826  0.000757430731592  0.0474288119793  266.422306898  299.049519442  255.829535061  0  0  0
p197  d=3.0  m=4.08703670935e-08
  0.27417099634  0.00715764341879  0.390619215671  165.411345095  24.3563523178  258.311206988  0  0  0
p198  d=3.0  m=4.08703670935e-08
  0.258481109695  5.71406374485e-05  0.872410653195  188.966791453  32.3448172954  256.985127158  0  0  0
p199  d=3.0  m=4.08703670935e-08
  0.262920965603  0.00819839849007  0.624722405789  92.5209352275  326.467412029  128.418976247  0  0  0
p200  d=3.0  m=5.5522581976e-08
  0.31470982069  0.00929444352249  0.30385257902  261.636298944  21.3158369433  262.027073774  0  0  0
p201  d=3.0  m=5.5522581976e-08
  0.292200297638  0.00912547439409  0.432473662113  90.5526989418  223.058757225  273.51537473  0  0  0
p202  d=3.0  m=5.5522581976e-08
  0.304281590203  0.00573102290699  0.95140253904  297.033633372  216.669529098  72.9862307863  0  0  0
p203  d=3.0  m=5.5522581976e-08
  0.310875516275  0.00273540648773  0.832068540918  115.589129334  12.7582997958  116.855736229  0  0  0
p204  d=3.0  m=5.5522581976e-08
  0.300903257037  0.0043031881047  0.22573441765  175.420700964  205.860020859  318.511824137  0  0  0
p205  d=3.0  m=5.5522581976e-08
  0.292064211266  0.00377598552707  0.484840952682  276.373846681  266.591578572  153.588561669  0  0  0
p206  d=3.0  m=5.5522581976e-08
  0.307166902885  0.00123870158613  0.797778365233  358.343538938  16.1598302087  38.2284637971  0  0  0
p207  d=3.0  m=5.5522581976e-08
  0.283709135074  0.00451879077535  0.567008034568  349.100327272  276.34364135  130.948033039  0  0  0
p208  d=3.0  m=5.5522581976e-08
  0.278689410313  0.00264736920192  0.480706968855  216.513759659  251.326526383  125.878491464  0  0  0
p209  d=3.0  m=5.5522581976e-08
  0.297737549626  0.00303272811799  0.0391034857939  251.981399862  314.188145265  242.02185948  0  0  0
p210  d=3.0  m=5.01335083407e-08
  0.327914652905  0.00674628887868  0.473955357565  157.054954734  145.234411696  321.415358437  0  0  0
p211  d=3.0  m=5.01335083407e-08
  0.331813688595  0.00915057660015  0.849443351767  279.645048325  150.975211504  284.510962618  0  0  0
p212  d=3.0  m=5.01335083407e-08
  0.325360070198  0.00302233965618  0.369876783102  253.236329664  233.116476906  292.166445847  0  0  0
p213  d=3.0  m=5.01335083407e-08
  0.334840518898  0.00105099204716  0.0165157646399  235.129960725  324.598462813  232.030516397  0  0  0
p214  d=3.0  m=5.01335083407e-08
  0.32015207525  0.000479810169211  0.138076189887  121.073820051  351.087163559  31.7983079007  0  0  0
p215  d=3.0  m=5.01335083407e-08
  0.344678979577  0.00432817402033  0.654016031518  239.368194847  41.4705635745  243.158656837  0  0  0
p216  d=3.0  m=5.01335083407e-08
  0.338222390272  0.000712183654603  0.397164372674  319.915834519  1.24636602527  137.81097043  0  0  0
p217  d=3.0  m=5.01335083407e-08
  0.316599836365  0.00617226211114  0.452396002998  194.117517168  256.259391706  217.37075393  0  0  0
p218  d=3.0  m=5.01335083407e-08
  0.344519999821  0.00340072767684  0.117702310075  37.1763252408  348.056681935  287.390400585  0  0  0
p219  d=3.0  m=5.01335083407e-08
  0.343596412618  7.39629273297e-05  0.597287968454  124.037050915  226.191038125  332.315882182  0  0  0
p220  d=3.0  m=7.13305312454e-08
  0.38767518788  0.00753335078507  0.607775988165  159.046371768  122.849695569  1.09918293566  0  0  0
p221  d=3.0  m=7.13305312454e-08
  0.382243955008  0.00663943525484  0.744913067623  296.698407598  345.218951485  56.5933233  0  0  0
p222  d=3.0  m=7.13305312454e-08
  0.349251827064  0.00197663815588  0.0825989122989  162.214885716  146.099327553  118.126281264  0  0  0
p223  d=3.0  m=7.13305312454e-08
  0.333040157563  0.00862015392476  0.000639178013949  213.8282694  255.088834739  329.274759318  0  0  0
p224  d=3.0  m=7.13305312454e-08
  0.339556698145  0.00757970020049  0.584042254946  68.2366932148  186.146983159  322.943588938  0  0  0
p225  d=3.0  m=7.13305312454e-08
  0.355088762391  0.00936934428252  0.280914531273  188.595378441  6.83160266774  72.8071876812  0  0  0
p226  d=3.0  m=7.13305312454e-08
  0.378326133173  0.0042447347781  0.188027393436  9.99711329386  19.0506162614  129.091171643  0  0  0
p227  d=3.0  m=7.13305312454e-08
  0.339826978051  0.000586588378794  0.917696890623  215.518732731  261.224277448  41.0896598603  0  0  0
p228  d=3.0  m=7.13305312454e-08
  0.377778496469  0.00167773656329  0.88904660461  323.73836912  3.29924224305  217.908654439  0  0  0
p229  d=3.0  m=7.13305312454e-08
  0.373506266286  0.00462843565528  0.790184883335  63.9777452844  127.030492134  358.7374562  0  0  0
p230  d=3.0  m=7.12037275141e-08
  0.410872136439  0.00991074608587  0.410050724746  151.625503282  43.081533205  135.959209978  0  0  0
p231  d=3.0  m=7.12037275141e-08
  0.391232836033  0.0080782025771  0.448589411452  336.67626122  118.873976782  293.449309198  0  0  0
p232  d=3.0  m=7.12037275141e-08
  0.431042698299  0.00493010691168  0.818587899133  258.261398994  320.683756646  356.929458884  0  0  0
p233  d=3.0  m=7.12037275141e-08
  0.410596543937  0.00380571334738  0.319654138543  123.460147727  327.761848328  63.686093602  0  0  0
p234  d=3.0  m=7.12037275141e-08
  0.398782447994  0.00380932138514  0.84989656994  92.1243597212  60.2761215176  286.394274127  0  0  0
p235  d=3.0  m=7.12037275141e-08
  0.387330846058  0.00973931038026  0.970875682755  198.721200624  52.3601640716  213.51331936  0  0  0
p236  d=3.0  m=7.12037275141e-08
  0.405576912651  0.00436033001884  0.00976870796133  6.54803045527  11.9075558919  323.657644948  0  0  0
p237  d=3.0  m=7.12037275141e-08
  0.390950111719  0.000722155689949  0.950228170316  19.3668798799  155.2128554  260.823754865  0  0  0
p238  d=3.0  m=7.12037275141e-08
  0.405646381672  0.00777741231182  0.223346474805  52.2506712452  86.7556125418  136.728603527  0  0  0
p239  d=3.0  m=7.12037275141e-08
  0.404559426901  0.000296227918878  0.0293531800885  82.604305485  155.823444372  331.487720452  0  0  0
p240  d=3.0  m=8.47355992105e-08
  0.451395821163  0.00667415932764  0.230083755691  319.361998966  91.7464963207  188.53124338  0  0  0
p241  d=3.0  m=8.47355992105e-08
  0.436597462585  0.00387241519982  0.331312245821  160.820060891  219.895061269  303.6109862  0  0  0
p242  d=3.0  m=8.47355992105e-08
  0.490132032507  0.00103134967257  0.6680835892  179.603157914  241.752134975  178.661773245  0  0  0
p243  d=3.0  m=8.47355992105e-08
  0.444408548824  0.00593906440304  0.472493150649  272.333481528  282.486669286  165.998495993  0  0  0
p244  d=3.0  m=8.47355992105e-08
  0.421135342811  0.0044591816742  0.823023217467  292.460336762  173.946945963  290.039535795  0  0  0
p245  d=3.0  m=8.47355992105e-08
  0.482802665662  0.00145524136393  0.0450699718058  54.4453384202  354.688177486  214.915806179  0  0  0
p246  d=3.0  m=8.47355992105e-08
  0.469152104071  0.00497146294922  0.949092042522  41.0111040027  242.330756584  220.256630093  0  0  0
p247  d=3.0  m=8.47355992105e-08
  0.439311960676  0.00354394215306  0.119465717347  123.521752924  6.37038447447  146.595248777  0  0  0
p248  d=3.0  m=8.47355992105e-08
  0.42978002701  0.00507197058501  0.947549544767  191.078364146  277.410126554  296.633632863  0  0  0
p249  d=3.0  m=8.47355992105e-08
  0.437511514569  0.00326956962788  0.186786564963  187.808858982  289.172106282  111.653993954  0  0  0
p250  d=3.0  m=1.02395926808e-07
  0.55992219729  0.00361217035335  0.248473635375  289.143914528  337.196326634  116.647502266  0  0  0
p251  d=3.0  m=1.02395926808e-07
  0.536165606971  0.0077294060453  0.678549697538  138.342455127  213.303498588  129.176530893  0  0  0
p252  d=3.0  m=1.02395926808e-07
  0.559105214414  0.00731190306372  0.29607024502  156.914289242  99.3455469787  241.647687636  0  0  0
p253  d=3.0  m=1.02395926808e-07
  0.501700924046  0.00112631720182  0.471923010482  246.697125999  317.08554024  122.663272983  0  0  0
p254  d=3.0  m=1.02395926808e-07
  0.504629211914  0.00381606636045  0.261391943374  310.455305248  118.574045907  343.734692598  0  0  0
p255  d=3.0  m=1.02395926808e-07
  0.487393735071  0.00333494369333  0.217188175529  282.19491184  226.882539791  255.055042704  0  0  0
p256  d=3.0  m=1.02395926808e-07
  0.538210741734  0.00377500232119  0.249836065124  92.1873879567  325.744874397  96.0068084177  0  0  0
p257  d=3.0  m=1.02395926808e-07
  0.492922341346  0.00360616775674  0.893818061663  93.4246806428  36.1815064871  113.977984068  0  0  0
p258  d=3.0  m=1.02395926808e-07
  0.562360351858  0.00591491143042  0.458995809877  274.332927471  149.656882471  297.209966055  0  0  0
p259  d=3.0  m=1.02395926808e-07
  0.496660719386  0.00655618288077  0.309999515758  139.036425506  112.074282092  2.61350637102  0  0  0
p260  d=3.0  m=7.56407189182e-08
  0.577140342981  0.00843959258675  0.0970016109555  113.341639942  344.112628651  145.182171136  0  0  0
p261  d=3.0  m=7.56407189182e-08
  0.562635669158  0.000464807549959  0.144618528084  119.231579694  336.984086869  137.343603566  0  0  0
p262  d=3.0  m=7.56407189182e-08
  0.569305594166  0.00429687548489  0.877877063878  139.062271058  217.320597847  219.123531789  0  0  0
p263  d=3.0  m=7.56407189182e-08
  0.590344367878  0.00374809849145  0.77056131294  320.200142056  345.341068949  246.982066599  0  0  0
p264  d=3.0  m=7.56407189182e-08
  0.623019370159  0.00093257192149  0.662483301151  346.574940403  94.3132150353  179.556731082  0  0  0
p265  d=3.0  m=7.56407189182e-08
  0.570714350747  0.00459189137414  0.935555465601  336.124584942  130.337180917  261.363512445  0  0  0
p266  d=3.0  m=7.56407189182e-08
  0.600405348751  0.00610043828651  0.652920719765  325.090921186  186.618270626  58.2252140564  0  0  0
p267  d=3.0  m=7.56407189182e-08
  0.559888608919  0.00990782402428  0.624540576179  38.314407  36.1377496625  54.3473067698  0  0  0
p268  d=3.0  m=7.56407189182e-08
  0.614186802599  0.000526089267708  0.220245697498  140.254921259  199.931838152  87.7420937048  0  0  0
p269  d=3.0  m=7.56407189182e-08
  0.610588349027  0.00800682476967  0.696609632886  30.558693702  165.0670238  33.4836959258  0  0  0
p270  d=3.0  m=7.68749241017e-08
  0.62629342876  0.00518054346793  0.0761097542333  43.7945974579  179.863407896  20.6594237002  0  0  0
p271  d=3.0  m=7.68749241017e-08
  0.610949146226  0.000855009771916  0.926956329149  131.879595866  356.195487758  180.730821359  0  0  0
p272  d=3.0  m=7.68749241017e-08
  0.617210763639  0.00786305144681  0.213858034398  128.708646577  103.621671944  284.651382628  0  0  0
p273  d=3.0  m=7.68749241017e-08
  0.684910095062  0.00617789874777  0.226011158027  188.509167277  329.207279276  236.34658031  0  0  0
p274  d=3.0  m=7.68749241017e-08
  0.625160941225  0.00142973631459  0.0625832085785  119.474852263  25.4583935957  349.060066567  0  0  0
p275  d=3.0  m=7.68749241017e-08
  0.691818874607  0.00295432624614  0.441408255153  106.281413052  82.9440959302  131.809040524  0  0  0
p276  d=3.0  m=7.68749241017e-08
  0.668373573548  0.00166494820946  0.100505545332  149.156987948  353.330442444  47.1953038103  0  0  0
p277  d=3.0  m=7.68749241017e-08
  0.674903397606  0.00266301967245  0.0612659313713  64.8303879406  92.5151446227  239.689572094  0  0  0
p278  d=3.0  m=7.68749241017e-08
  0.624356199047  0.00261422541204  0.596196508691  277.47374043  334.583642782  196.659975822  0  0  0
p279  d=3.0  m=7.68749241017e-08
  0.665499510372  0.00436250578311  0.0569559633943  130.080426106  332.364143047  10.2488846696  0  0  0
p280  d=3.0  m=1.27447483315e-07
  0.717693247394  0.00880856056037  0.338521949892  299.174264074  355.40640425  44.631747356  0  0  0
p281  d=3.0  m=1.27447483315e-07
  0.756399405805  0.0014141179342  0.593932598028  186.389865461  205.871268979  125.906943692  0  0  0
p282  d=3.0  m=1.27447483315e-07
  0.738235748004  0.00414293781419  0.537593758436  325.713002458  47.9837641976  191.826094318  0  0  0
p283  d=3.0  m=1.27447483315e-07
  0.665259743634  0.00206850352176  0.870620699807  139.280749452  189.850618496  270.840902651  0  0  0
p284  d=3.0  m=1.27447483315e-07
  0.725132546499  0.00436707528298  0.197339856544  165.566410886  180.697061819  358.703809745  0  0  0
p285  d=3.0  m=1.27447483315e-07
  0.741975487795  0.00556703846272  0.196070133353  187.723939086  48.9708276844  350.625977258  0  0  0
p286  d=3.0  m=1.27447483315e-07
  0.733909200229  0.00493303965711  0.0182855238319  273.678817428  47.4700141697  87.966204518  0  0  0
p287  d=3.0  m=1.27447483315e-07
  0.673844385795  0.00814328607957  0.640726973397  23.515236082  58.3590418949  196.212988344  0  0  0
p288  d=3.0  m=1.27447483315e-07
  0.679394511627  0.00264079940946  0.783396664866  295.850044484  252.660902342  30.0404671376  0  0  0
p289  d=3.0  m=1.27447483315e-07
  0.775539450236  0.00783491661657  0.497345243861  169.894863349  113.355340059  353.657142982  0  0  0
p290  d=3.0  m=1.01846761727e-07
  0.851882047396  0.00243128906434  0.0720410170265  304.984667374  154.049166096  75.4443524493  0  0  0
p291  d=3.0  m=1.01846761727e-07
  0.882734105852  0.00843525532326  0.96911657241  124.618010839  218.236047086  107.192703391  0  0  0
p292  d=3.0  m=1.01846761727e-07
  0.840414688051  0.00992756548966  0.50490672287  92.6307602028  222.887362977  247.543847138  0  0  0
p293  d=3.0  m=1.01846761727e-07
  0.814628436641  0.00211394025808  0.959367405713  285.135890002  4.32937463846  139.092520994  0  0  0
p294  d=3.0  m=1.01846761727e-07
  0.89763979743  0.00634851914151  0.56275402895  95.1827313681  190.329964577  56.5548829139  0  0  0
p295  d=3.0  m=1.01846761727e-07
  0.790239978155  0.00880543555108  0.27769603544  181.518102784  136.87486565  190.436853755  0  0  0
p296  d=3.0  m=1.01846761727e-07
  0.796214837252  0.00723316809214  0.748466084561  77.2137127815  190.180561858  272.039382719  0  0  0
p297  d=3.0  m=1.01846761727e-07
  0.872233558059  0.00393717357318  0.275310436789  60.6559339666  326.036317477  304.671498455  0  0  0
p298  d=3.0  m=1.01846761727e-07
  0.807766088459  0.000778601003993  0.984182585898  355.878146026  97.1431819646  194.121084649  0  0  0
p299  d=3.0  m=1.01846761727e-07
  0.8685215615  0.00809180150077  0.520386414557  291.207963117  336.468064469  7.31949693435  0  0  0
p300  d=3.0  m=1.24057132527e-07
  0.982427497693  0.00296708582781  0.640059882697  76.979696614  12.8348599876  318.618316414  0  0  0
p301  d=3.0  m=1.24057132527e-07
  0.902171376979  0.000628531543124  0.628216389484  154.155045546  283.737583581  143.011321296  0  0  0
p302  d=3.0  m=1.24057132527e-07
  0.983827841895  0.00546510158555  0.956222629602  153.891829213  35.7324910612  148.348701952  0  0  0
p303  d=3.0  m=1.24057132527e-07
  0.869451040906  0.00405175626044  0.271677446222  345.802389101  309.351547381  309.008842811  0  0  0
p304  d=3.0  m=1.24057132527e-07
  1.00973408517  0.0055174881459  0.516420469965  357.20654316  282.649893762  300.82515991  0  0  0
p305  d=3.0  m=1.24057132527e-07
  0.931308529664  0.00409314448158  0.63810148728  158.272957728  262.702532654  344.14280252  0  0  0
p306  d=3.0  m=1.24057132527e-07
  0.867057210619  0.00065058615066  0.0493348906751  141.610168579  34.1250478234  34.6600633021  0  0  0
p307  d=3.0  m=1.24057132527e-07
  0.98091944443  0.00457707717807  0.662426607203  63.4656230514  172.309034258  290.602117196  0  0  0
p308  d=3.0  m=1.24057132527e-07
  0.943317160733  0.00242812888463  0.380771580825  132.702579948  199.479480088  318.85072621  0  0  0
p309  d=3.0  m=1.24057132527e-07
  0.959947164179  0.00410909929259  0.645637465032  163.074666087  59.979203461  16.4057653541  0  0  0
