  0               0                 0               0              0             0              0  0  0
  0.051362785697  0.00378357094408  0.778273198382  203.933828758  353.89260658  127.995563125  0  0  0
  0.0562420491859  0.00239207178283  0.997708702021  59.4973186714  246.755634573  62.8825869947  0  0  0
  0.0626949354829  0.00336184960994  0.444607483475  188.389392789  306.934104189  119.544046423  0  0  0
  0.0688087775696  0.00902270910016  0.505736862674  328.843614541  227.734551158  16.1738779857  0  0  0
  0.0757549250946  0.000172941234605  0.638429944554  243.810340913  39.0297792789  277.517431267  0  0  0
  0.0848870037842  0.00936738214547  0.365694406554  258.815969001  295.882804255  54.4096581542  0  0  0
  0.0935572342079  0.00748247731283  0.272277154718  140.148851337  149.10583362  159.333317413  0  0  0
  0.10468588501  0.00272980643792  0.649026943797  216.528260591  143.848586515  124.998503179  0  0  0
  0.117454099476  0.00790570480426  0.624584650161  254.296400844  117.326086836  229.989473  0  0  0
  0.132555726079  0.00586122587867  0.24217801236  2.75899743257  179.281842065  79.4290752919  0  0  0
  0.148347136769  0.00219569577022  0.254227376832  175.835384097  238.941671227  293.916169296  0  0  0
  0.16788202691  0.00845554033198  0.689955956745  167.386596067  141.676363519  57.3081512357  0  0  0
  0.195093107743  0.00748854795855  0.996131281576  19.8049555189  101.952861826  272.313421097  0  0  0
  0.227450536496  0.00137401219505  0.403479790185  49.2413832623  352.919215374  27.1431239336  0  0  0
  0.264959292985  0.00313933167201  0.884755332508  61.6311733324  89.7736970043  357.661509833  0  0  0
  0.302852500892  0.00706357079466  0.289215663718  24.8327881518  107.239192008  177.364166025  0  0  0
  0.349956297613  0.00131313017322  0.175600097618  74.2103642293  108.862621618  346.718313109  0  0  0
  0.409872820286  0.00375887080881  0.709035468451  117.60074191  45.2890077739  351.059336242  0  0  0
  0.458277079796  0.00651800386739  0.202972444529  263.236596197  86.9091708061  7.58126933496  0  0  0
  0.517614317171  0.00429495934997  0.576399476095  185.627143237  0.101681485121  187.567143548  0  0  0
  0.59220843423  0.000816826070229  0.265294481128  204.21680628  82.8768290142  9.98559840327  0  0  0
  0.684164465953  0.00607730351157  0.838981267194  280.042341013  28.5279586761  125.035800945  0  0  0
  0.811828650783  0.0014940344978  0.800244724371  145.379779578  258.172211767  297.499945738  0  0  0
  0.972373910381  0.00752894201805  0.492802962445  13.1261208063  302.410570865  337.461525631  0  0  0
  0.0493563217456  0.00231677750718  0.433958248503  141.57140794  54.669583371  271.005966474  0  0  0
  0.0514305382595  0.00754148542838  0.517582847506  126.505495248  55.5866292167  359.282283082  0  0  0
  0.0515215709456  0.00387761576223  0.639725354814  254.496572529  8.6278193423  344.787492206  0  0  0
  0.0488298107161  0.00410453057197  0.795250961134  24.9393975199  311.036278012  301.806644487  0  0  0
  0.0502131172394  0.00733129282047  0.759840952271  231.856759982  148.978133241  316.9232292  0  0  0
  0.050830146292  0.00858431032565  0.762779112968  51.742360576  96.5710029936  94.2604148685  0  0  0
  0.0540856922399  0.00154665698221  0.227382168723  260.017668906  42.9052340012  36.2483908983  0  0  0
  0.0513051666916  0.00611658336592  0.0202901378773  342.245781665  0.606035116141  326.0281249  0  0  0
  0.0530573880303  0.00286002959504  0.894530219336  147.371430041  144.253006947  264.190982797  0  0  0
  0.0521444861602  0.00970725176808  0.423853750062  132.524520601  176.053250792  264.986356555  0  0  0
  0.060091671386  0.00769354008769  0.0673706081112  300.56125036  127.910537354  19.1942492409  0  0  0
  0.056092633385  0.00468643340353  0.104485856566  71.0519972933  78.5468290378  89.8770686086  0  0  0
  0.0582704183938  0.00734932391336  0.085897405846  288.376444601  178.151698613  53.5807376546  0  0  0
  0.0571440263557  0.00910052782782  0.327234576835  230.27943155  36.9683196824  28.6774353753  0  0  0
  0.054924708434  0.0019501161774  0.975702275749  111.41147813  261.112346951  238.912331705  0  0  0
  0.0538948013641  0.00252334883154  0.505656723753  213.44320123  327.439650121  325.7693647  0  0  0
  0.0589567384292  0.00967749262822  0.186538553724  96.1222343587  272.299564918  359.249574813  0  0  0
  0.0593831502365  0.00646754062273  0.888492108549  142.804806573  81.0010414291  337.845541314  0  0  0
  0.0524460241901  0.00065832252401  0.00175633721934  44.7284679202  239.384417038  348.708310362  0  0  0
  0.0546878663287  0.00723297511723  0.186674234954  308.002265524  275.200535033  280.652884824  0  0  0
  0.0607726355417  0.00374850954714  0.249048622422  205.098816852  352.054903436  181.18065726  0  0  0
  0.0664809134264  0.0060997536493  0.173286963721  78.4491181817  27.6500078058  136.238118328  0  0  0
  0.0635030052527  0.00959112360371  0.244767113376  27.5721751682  261.228678873  182.949472396  0  0  0
  0.0635662250943  0.00605568312637  0.500965179224  41.2135313421  175.990888757  4.20524112187  0  0  0
  0.0666620797057  0.00324057537463  0.505522197964  32.4515445767  245.016063796  256.600095767  0  0  0
  0.0598872045416  0.000529796626772  0.909643060132  56.1326178516  355.88537719  258.850074132  0  0  0
  0.0660555186838  0.00440365222982  0.475451434469  277.25126252  336.658911023  269.505362328  0  0  0
  0.0634386302222  0.00768345683066  0.466744034584  124.702094758  52.8860506776  252.710301182  0  0  0
  0.0600746801113  0.00807748099704  0.663463213046  218.154087866  266.86821099  234.240822099  0  0  0
  0.0589675429925  0.000466836557788  0.882338255625  340.621692173  64.8827658012  38.2194510441  0  0  0
  0.0685650433196  0.00555008116684  0.309218522005  109.9115768  347.866143424  198.48191522  0  0  0
  0.0666443854327  0.00692785540134  0.106373647718  86.0975206819  265.929354091  305.295806766  0  0  0
  0.0663887445083  0.000628704097197  0.237592840222  263.106124678  110.495188984  171.712704143  0  0  0
  0.0680310315753  0.00740167955968  0.801236536018  257.67060014  140.877532383  29.4077531076  0  0  0
  0.067003774184  0.00592035907713  0.368754212263  82.8778010078  307.78702759  347.954267111  0  0  0
  0.0658433784524  0.00851991839867  0.552821089667  175.995708751  214.358397742  166.659248393  0  0  0
  0.0700017394774  0.00864845678884  0.951259068205  192.646904908  176.579417841  280.942863448  0  0  0
  0.0676695193774  0.00724724374819  0.899194236255  12.6555647357  54.8280199554  333.262513968  0  0  0
  0.0702579403464  0.00715624426593  0.145297410689  219.922433078  131.988909003  25.8958333081  0  0  0
  0.0671246071017  0.00492347528377  0.566907496864  292.564002267  152.52364126  27.4527584935  0  0  0
  0.0771244766007  0.00551843914608  0.973303307658  5.21937557959  208.439617922  215.690766454  0  0  0
  0.0763111801971  0.000383497924434  0.886848503582  245.73246628  330.005655979  205.103946636  0  0  0
  0.081219777875  0.00116285575464  0.709879008589  313.538178723  143.205694133  5.78924638863  0  0  0
  0.0724587073983  0.00778256607858  0.135868508429  287.87521033  180.327257071  247.285616711  0  0  0
  0.0713575933442  0.00409311613341  0.186692876477  161.594130901  262.407841868  209.566188011  0  0  0
  0.0760054973493  0.00300458223519  0.765749299817  1.21938858453  207.774832661  306.709924206  0  0  0
  0.0776510657035  0.0046455727692  0.268102492816  309.622551638  152.959852694  173.466182101  0  0  0
  0.0694380582764  0.000844259656712  0.363110298431  185.045000667  199.715660324  345.542696253  0  0  0
  0.0808934392576  0.000417220149072  0.106367296923  171.206091033  18.7806972588  166.931990936  0  0  0
  0.0691655853653  0.00229372150754  0.804073141966  356.658898153  107.574319718  137.793512233  0  0  0
  0.0830562990415  0.00926995240193  0.412581239112  250.493636075  142.881167926  326.535956217  0  0  0
  0.0831985611601  0.0068011000254  0.529643779591  294.914744715  19.8217898753  163.932490476  0  0  0
  0.0850473125021  0.00782809302675  0.0845705393541  241.15330971  349.975022661  134.019967489  0  0  0
  0.0867307822258  0.00435505315433  0.975853464815  104.958558141  89.595351288  157.394395303  0  0  0
  0.0893846178345  0.00556025500323  0.60252160732  302.184028238  212.569033992  226.508125568  0  0  0
  0.0874073781925  0.00646414450472  0.225939168564  200.985897839  258.325002542  344.0295543  0  0  0
  0.0874838773257  0.00597905678959  0.94688518347  333.317941771  258.510464368  255.993782292  0  0  0
  0.0802395014102  0.00501928740499  0.81938600583  343.63568763  111.244879299  195.911054597  0  0  0
  0.0858798823568  0.00604881096682  0.939863175289  56.2474709257  144.709490777  145.801110123  0  0  0
  0.0897094978904  0.0034887606687  0.98811537752  74.0362916027  313.558877327  350.162805081  0  0  0
  0.0869769087379  0.00461915088039  0.839789305376  291.278970508  316.854343342  243.502407516  0  0  0
  0.0911546620475  0.00830879705864  0.299632255514  83.0459594687  241.939263294  74.1022768951  0  0  0
  0.0945569173815  0.0086602103538  0.0371086953466  40.1332593679  253.390099988  80.8471708704  0  0  0
  0.0987698280618  0.0017174533352  0.24184806614  271.023889739  72.570810489  156.323865898  0  0  0
  0.0984295753573  0.00424125639011  0.138096259561  74.2749656961  231.803742215  131.298929691  0  0  0
  0.0989215906503  0.00147868171639  0.734175598604  77.4451178042  286.212119596  265.183058165  0  0  0
  0.0866724509088  0.0068504957264  0.562283434595  48.8686927846  274.516723406  295.479506522  0  0  0
  0.0872397132658  0.0077728885754  0.850727099814  83.0063617626  0.44891684771  172.549840755  0  0  0
  0.0951481038692  0.00660238755444  0.798309733766  38.4331271434  263.164495367  11.6611395181  0  0  0
  0.0938328229366  0.00843661718351  0.750563524769  155.610146085  154.477472563  343.664798729  0  0  0
  0.0972166455289  0.00981459903124  0.890579431633  286.095060678  84.3550321249  224.417267108  0  0  0
  0.101708685792  0.00771979666457  0.67452005596  126.276824437  99.6696122296  155.086077218  0  0  0
  0.101044149459  0.000570598830494  0.92911611146  62.510841026  25.5296397107  47.6348130616  0  0  0
  0.0970065895572  0.00387988979377  0.0571254166177  57.7053175276  216.43667557  267.16162876  0  0  0
  0.101495836883  0.0025560278457  0.242812509967  115.783910226  48.252166803  216.571715466  0  0  0
  0.0968986670609  0.00114293536878  0.525926810703  1.08502348279  283.060246097  158.244136032  0  0  0
  0.100815806914  0.00725511831266  0.0996698669482  284.004751415  250.342709444  92.8121483833  0  0  0
  0.111488388802  0.00494800840796  0.94142932327  334.088340764  322.006193447  286.26537514  0  0  0
  0.110143121544  0.00851787239816  0.242946495646  294.413316642  132.530181244  242.740434224  0  0  0
  0.100669018483  0.00902128278333  0.727223991587  89.2019276481  3.91035087906  287.558531709  0  0  0
  0.119921510818  0.00192186071047  0.0801641286197  88.4557726697  157.064861743  305.353405012  0  0  0
  0.111320247241  0.00637496477005  0.706189014571  265.536564872  36.9820132957  245.251861074  0  0  0
  0.117532739706  0.00735606389238  0.461583403962  95.8693253063  164.410422789  245.79613505  0  0  0
  0.122098371267  0.00556974363662  0.194298980031  99.9852229215  249.942898731  17.6837366447  0  0  0
  0.116273490553  0.0088070482799  0.958828188814  292.053441867  188.926993552  358.04475928  0  0  0
  0.116649702688  0.00502088159731  0.827877138682  165.984652548  50.062721649  160.470238961  0  0  0
  0.126061938705  0.00346696426664  0.915178068509  238.89876658  86.8198163148  147.791549039  0  0  0
  0.112254272575  0.00650805060772  0.802455247616  42.7608681486  214.574970081  318.540359876  0  0  0
  0.120961979593  0.00931422705374  0.0116195188158  60.2249611049  183.358991441  293.90287501  0  0  0
  0.121430843319  0.00933792575607  0.434948993605  24.3061778492  288.90839845  200.831902847  0  0  0
  0.132394323473  0.00571295687823  0.108225926798  283.928884391  227.789884706  91.2852722999  0  0  0
  0.123661901007  0.00682540520773  0.364092744235  3.84321892237  316.364762352  218.290793034  0  0  0
  0.136893176085  0.00885270044197  0.322826987371  11.3471475048  9.37545062809  168.210869706  0  0  0
  0.135948228756  0.00092038298838  0.361855944471  355.955986752  261.956572556  33.4458349366  0  0  0
  0.12752175912  0.00419914100972  0.441910236535  112.27215659  296.164929496  118.19983867  0  0  0
  0.128026685037  0.0045452274265  0.235602721385  288.972567923  288.824412725  206.679821488  0  0  0
  0.127996187426  0.0062324744457  0.282279364059  31.7034983556  47.4426484223  349.985938728  0  0  0
  0.140410712655  0.00762710226846  0.842401593843  173.389460276  295.379951205  114.905215516  0  0  0
  0.122441770774  0.000263649081396  0.77456780736  32.2592810665  176.498912579  106.69652504  0  0  0
  0.122987350316  0.00991294633631  0.401095651182  226.993331771  195.338322123  133.345855048  0  0  0
  0.151336414847  0.00879140388102  0.417674623696  262.986898573  18.4815972052  123.72409088  0  0  0
  0.143784155231  0.00346731044566  0.496583367316  245.553774419  84.1101777343  328.000091478  0  0  0
  0.144931352865  0.000259108207608  0.828544470161  37.5421502124  55.9547000867  135.721911391  0  0  0
  0.144540622349  0.00121576272149  0.299565508857  90.9327278104  327.99863438  337.667773217  0  0  0
  0.145009687009  0.00797076133621  0.0800662007834  211.05607522  159.5064214  254.461439362  0  0  0
  0.145271235697  0.00222259750926  0.535280800182  286.313476888  79.9796986236  171.619131053  0  0  0
  0.158031160221  0.00558021630668  0.910341924303  187.971536247  237.023271471  286.011825085  0  0  0
  0.150832191117  0.000600475560104  0.138771598465  290.962903301  262.59151334  327.789936199  0  0  0
  0.156116468423  0.00508212697681  0.108985174141  359.576818648  124.533961997  28.7506663036  0  0  0
  0.140960392656  0.00518255970225  0.712839988436  264.957679461  60.6822775111  214.381277493  0  0  0
  0.173667683678  0.00462343784617  0.632183935804  359.771838435  146.023229639  185.224412393  0  0  0
  0.16742465316  0.00763690388158  0.491343462898  20.0307444731  82.2471686009  20.9920204716  0  0  0
  0.172468841707  0.00269287078737  0.986624748406  330.246519549  128.448068718  353.608465738  0  0  0
  0.151853320245  0.00853046436688  0.683508874526  311.320618698  226.173659102  254.698444821  0  0  0
  0.177830802656  0.00591925922735  0.699780068847  99.7915819873  216.550324567  134.262339668  0  0  0
  0.15785579284  0.00422052608159  0.830061321169  166.003809401  312.534391998  152.927990504  0  0  0
  0.152403780523  0.00719616005196  0.382893475901  207.703024676  247.08644434  64.8343753217  0  0  0
  0.182163678695  0.00810708106178  0.427763379806  198.715451097  37.4806530862  64.7387055572  0  0  0
  0.15853528128  0.00825772456738  0.538459565412  178.192596233  5.4428700034  97.8056803344  0  0  0
  0.174766168569  0.00228966072944  0.828031347873  24.1501917507  158.982643629  212.283749188  0  0  0
  0.202784993091  0.00709250078489  0.854683434087  298.917730852  357.118665104  301.873841871  0  0  0
  0.191853751604  0.00841253711313  0.313953019971  38.4817395146  151.728803356  232.227428225  0  0  0
  0.176904410231  0.00540423829319  0.715176755123  235.66715886  177.567410018  283.479523597  0  0  0
  0.210074528585  0.00558033413733  0.712763873948  250.768279676  89.386568383  70.1678346162  0  0  0
  0.203722524883  0.00892100931858  0.617577133236  145.804727092  211.894939397  314.576575456  0  0  0
  0.18531993531  0.00764530167477  0.914079700963  216.055624064  235.433864752  339.772066876  0  0  0
  0.20849978072  0.00890271279436  0.319066090849  32.5254920684  23.859351585  45.1228094079  0  0  0
  0.212432015282  0.00690091040126  0.771379210904  40.624170137  11.2780666719  146.909210885  0  0  0
  0.200986780219  0.00012769455318  0.763619631506  43.5315934709  129.848836227  265.460550362  0  0  0
  0.18987838545  0.00666875878672  0.781199623819  268.369114141  45.6865877973  5.36983440023  0  0  0
  0.230036773405  0.00329311337474  0.475001539777  151.449549785  282.513923423  178.08084677  0  0  0
  0.237698578697  0.00133485303739  0.272816726717  36.0499826032  276.964647198  345.701435632  0  0  0
  0.239298531558  0.00513626831353  0.460146571961  120.081351685  107.975442162  337.11766576  0  0  0
  0.22070241993  0.00868712532857  0.494833696284  170.544525973  16.5021749922  355.979650978  0  0  0
  0.2342468856  0.00170681316508  0.218451128741  327.455913798  209.561319655  49.4155900829  0  0  0
  0.248365509455  0.00482191663521  0.48174189068  10.5610103714  206.150230836  55.8530921743  0  0  0
  0.219337822156  0.00683396479722  0.66086338434  131.368867664  309.384127588  10.5379557207  0  0  0
  0.214556069015  0.00251248934907  0.414084383588  46.8491622464  295.45365587  198.595076039  0  0  0
  0.244449477606  0.00686096243685  0.214153158707  60.7523913811  332.881357495  198.318128405  0  0  0
  0.225240422657  0.000771469102646  0.525838504368  159.91207488  276.015715079  247.257268892  0  0  0
  0.290048928131  0.0096675481206  0.154773642959  93.5839387207  202.613215695  204.349226995  0  0  0
  0.260618187468  0.00517967425304  0.320688891192  240.948824033  45.4243693288  340.755372383  0  0  0
  0.285489844153  0.00715052749523  0.0651658754105  50.4353224576  75.7891977755  196.42991256  0  0  0
  0.260230591497  0.00399425585775  0.124766466353  17.0455514169  278.009106176  14.2117868049  0  0  0
  0.286375789866  0.00853685222908  0.43799854691  303.820888868  279.673754602  207.574203293  0  0  0
  0.271775544249  0.00913327462509  0.808828257425  50.3435574805  100.649191473  166.004957445  0  0  0
  0.249998518809  0.000285297566488  0.889011638808  189.174301858  63.0313207904  172.874364569  0  0  0
  0.253544570255  0.00748557198765  0.824494021077  116.938443911  74.8025463205  287.36325207  0  0  0
  0.246215037717  0.00311815260763  0.0352082996872  355.023878528  127.912803734  31.4661588658  0  0  0
  0.271620384563  0.00373020508824  0.0835622332046  193.477648747  142.525283656  258.656708709  0  0  0
  0.308968641887  0.00706372826502  0.994947758514  328.861741831  347.725539705  296.635305529  0  0  0
  0.281767835742  0.000714081983137  0.890770210565  49.3839195715  253.814202091  16.0299110727  0  0  0
  0.327218283493  0.00276694268938  0.739238631829  329.962592682  187.057584726  108.401509917  0  0  0
  0.325230742606  0.00208039142424  0.773250198262  273.181265817  76.2698051752  306.778294696  0  0  0
  0.327238871945  0.00994022587262  0.0316895506005  324.852122243  262.857482313  2.24551730436  0  0  0
  0.284018458552  0.00486841521577  0.71936631852  212.442209286  119.952594171  15.4276276374  0  0  0
  0.319685592031  0.00395730894461  0.457234372538  104.230119604  82.4988694421  92.4211490915  0  0  0
  0.288918190729  0.00979722545897  0.0958475311514  298.241962095  322.160610878  127.250624956  0  0  0
  0.326108232991  0.009898658924  0.0401521416523  339.243551338  333.417704796  307.98809824  0  0  0
  0.287581942618  0.00333149274704  0.188467211066  83.3442256731  179.045520893  47.9288384035  0  0  0
  0.321911233239  0.00478678509866  0.0466779976464  47.2890801085  170.528185036  208.814490268  0  0  0
  0.330823987432  0.00475473087514  0.873742873077  63.9825847713  94.1966520058  229.636902594  0  0  0
  0.377382462416  0.00528808921475  0.340690447945  168.910738036  100.58240465  205.336420491  0  0  0
  0.345657133971  0.00809619856916  0.180250383513  34.0405345309  138.865116018  211.713357408  0  0  0
  0.384320314407  0.00541539960734  0.42433086047  258.924719396  344.291894093  346.76568273  0  0  0
  0.393507549338  0.00154838066662  0.64400269783  7.49034693129  60.200411335  190.912905866  0  0  0
  0.373183406849  0.00436639209412  0.232465938138  173.567922677  68.1267104295  19.7563570073  0  0  0
  0.349269318838  0.00555339299261  0.907293170326  212.906890718  175.636209072  120.671762636  0  0  0
  0.372537466582  0.0027041971695  0.58114162478  183.272109732  150.626130632  22.2616966249  0  0  0
  0.335597281967  0.0058964107066  0.842284544879  247.75634766  357.12280976  33.6300893777  0  0  0
  0.395620073224  0.00961124262661  0.867607990989  285.998830573  285.952525614  214.044154294  0  0  0
  0.379732270011  0.0044331664819  0.108017725656  325.822152344  337.610078308  248.146393935  0  0  0
  0.402054298238  0.00878532346851  0.598408173042  98.5282225102  303.098318331  1.76807381263  0  0  0
  0.395093103859  0.00494777370443  0.224661370076  197.641726397  271.6301939  69.2238670428  0  0  0
  0.424436570587  0.000482140840994  0.382849728734  278.047760056  84.5651393233  75.1299685071  0  0  0
  0.400978726587  0.000790827524393  0.738286497422  119.631212076  208.071395801  280.365949076  0  0  0
  0.38156854223  0.00940181801163  0.209558508198  46.8650987522  67.3854414162  227.271011813  0  0  0
  0.400741663169  0.000881782410527  0.334340304478  247.422037786  350.581914167  329.596067165  0  0  0
  0.426864775787  0.00690432853851  0.159731065459  103.264230544  117.701820986  356.308982248  0  0  0
  0.45191415712  0.00429935501408  0.0357230958618  40.8115465568  244.278458591  290.107253863  0  0  0
  0.465029609281  0.0093748797844  0.504941878537  31.962710639  202.38221248  335.577999706  0  0  0
  0.434808696935  0.00176596292117  0.0573139142763  35.4033677799  244.588790891  34.4096990435  0  0  0
  0.426715212603  0.00463423596809  0.705384454072  88.5742224256  208.079056499  300.689363726  0  0  0
  0.432132204258  0.0062970518486  0.125452119207  311.617924258  91.0739127707  105.317769506  0  0  0
  0.448695357761  0.00600034431474  0.257084318357  270.886826113  351.589697877  18.9418260896  0  0  0
  0.456629711104  0.00299255333272  0.326239700349  52.8188316953  22.8494059863  42.4963183111  0  0  0
  0.428479132766  0.00803549564383  0.395097820425  347.313763493  118.810406659  88.0257423351  0  0  0
  0.463125685926  0.00876109579384  0.7943172975  246.336832913  296.303237936  299.104937821  0  0  0
  0.451227378898  0.00350509557239  0.324674219034  200.227718524  326.200014646  325.455186842  0  0  0
  0.505233072148  0.00915135304249  0.992202260705  90.3991974468  262.915409439  172.598986212  0  0  0
  0.47859680624  0.00105892012435  0.231773377841  237.648113203  272.450517753  123.113455108  0  0  0
  0.51866940737  0.00842755430924  0.570122230754  357.713715955  3.75856815047  18.8014442424  0  0  0
  0.504108794375  0.000136490768018  0.26931711633  150.596230802  236.502964856  131.441846976  0  0  0
  0.533804247156  0.00777164600278  0.302449332465  8.07640722153  257.830398672  71.9901374776  0  0  0
  0.515787660414  0.00544171145415  0.502377745304  187.537986636  32.6037925957  156.451242  0  0  0
  0.543999868478  0.00504531799969  0.318224715996  168.928093138  299.888816322  275.648528736  0  0  0
  0.50011265509  0.00168311098463  0.237817018117  60.4305342877  165.906090232  214.88143647  0  0  0
  0.488614820111  0.00821082848984  0.0330880784093  16.6076776397  72.3717203853  228.627235324  0  0  0
  0.508912171553  0.000174066120244  0.927656153138  239.328253624  98.6795872583  237.965835229  0  0  0
  0.640803799656  0.00812051384754  0.0893498150873  180.233982027  289.097693026  306.292009187  0  0  0
  0.539366692553  0.0056653729399  0.0711565855385  41.0788088465  159.777423119  102.318285168  0  0  0
  0.639110569751  0.00723933565682  0.553488699391  170.581851549  46.9283937806  199.685786876  0  0  0
  0.547670694703  0.0081205522238  0.911619198962  178.68590837  282.996453967  336.613668572  0  0  0
  0.594665043549  0.000887164160016  0.366235691333  65.5224701442  200.84281621  356.840326196  0  0  0
  0.643672624151  0.0059717156746  0.929622588843  49.8619954584  9.80235315236  148.886873268  0  0  0
  0.576438502753  0.000575854252826  0.117220453497  306.080480513  201.91197845  208.094074438  0  0  0
  0.645183142748  0.00758182762657  0.759693148061  233.735503449  173.003507167  254.69110597  0  0  0
  0.557112076075  0.000733276666259  0.782813279695  167.677552364  235.605725167  166.589044188  0  0  0
  0.56684240336  0.000195257767386  0.995085137683  150.386055265  250.078363025  61.1334325666  0  0  0
  0.633177793666  0.000439337133716  0.697920485358  155.819612301  348.931368611  127.38147261  0  0  0
  0.649359935676  0.00697914824696  0.737501555814  297.424930739  295.734387621  67.0147429119  0  0  0
  0.635997998934  0.00814794618744  0.378290053675  289.118270439  289.291799978  66.4067102741  0  0  0
  0.737888350232  0.0047356407956  0.069545831361  132.036370006  331.537057751  105.405238944  0  0  0
  0.667757493834  0.00791292579346  0.968498086027  85.8077827179  39.6181543064  270.012437501  0  0  0
  0.645442545775  0.000929053107257  0.0612418099769  220.892793425  256.949712277  230.040222475  0  0  0
  0.638530228477  0.00952225807386  0.660617518181  113.778381724  122.131598042  295.61781445  0  0  0
  0.67056083829  0.00165302316169  0.140300767146  6.15962251279  48.1362278645  164.990517588  0  0  0
  0.646938549134  0.00221477936556  0.101981791031  280.389164887  185.055553644  337.094658616  0  0  0
  0.730273513278  0.00442051360679  0.180993095084  207.379213048  337.269248539  181.796455752  0  0  0
  0.820608378786  0.00769098743535  0.516477568556  122.183035759  179.267399222  48.3341383831  0  0  0
  0.886980124474  0.00331330828263  0.780253124215  200.890929456  176.701428576  101.667863497  0  0  0
  0.763689359647  0.00308490739131  0.919996149628  340.567475445  167.224438673  290.465489271  0  0  0
  0.763197043187  0.000716948854975  0.178657005956  305.546800728  79.5854273609  217.872823936  0  0  0
  0.905606191617  0.000600157091649  0.117218699388  271.818295949  114.161644484  4.10798361487  0  0  0
  0.874551464808  0.000482312785396  0.975155071963  118.859773023  270.97658662  226.952686099  0  0  0
  0.783613326497  0.00702433018262  0.874500925447  176.860480525  230.280910731  32.1550555625  0  0  0
  0.793523277644  0.00972786596274  0.594667093538  222.08042702  238.012028843  48.687098343  0  0  0
  0.753517358325  0.000145158301107  0.372772457678  290.639064201  33.148431683  99.8888646649  0  0  0
  0.840908685284  0.00472750622483  0.147018407094  247.678781349  337.258708189  93.52491912  0  0  0
  1.06579928834  0.00802985858043  0.194448843483  132.600284957  141.275402228  156.877139701  0  0  0
  1.07009758826  0.00952585831913  0.429381823306  92.7084852862  239.368898707  15.5463487225  0  0  0
  1.02108200546  0.00778284601984  0.234126696797  343.997772655  149.577457543  175.790494063  0  0  0
  0.963528321614  0.00669384446862  0.867116193201  75.6157942438  202.731592585  6.22140618687  0  0  0
  0.93509376788  0.000496135185547  0.58608636722  214.782163884  263.592915592  103.303321723  0  0  0
  1.06537492373  0.00672675280071  0.306274550847  52.0309453934  187.358918894  148.397852123  0  0  0
  1.04577715734  0.00735633979864  0.37985312895  17.1427516058  183.006393178  78.7839894415  0  0  0
  0.993340705884  0.00717838220144  0.505865806726  183.023044882  3.49308090376  31.0426571345  0  0  0
  0.983539125093  0.000728523439035  0.436192665309  133.541977193  324.769709421  20.0682404436  0  0  0
  0.994962463487  0.00847402752137  0.863586443764  226.564142632  339.260703517  216.749439349  0  0  0
